3602
846
1040
671
8092
1472
136
1162
783
12762
874
637
42
85
1109
8509
1166
122
37
235
4208
218
127
1201
13129
947
1115
10339
7066
1350
709
820
11915
799
7527
1020
174
164
134
6048
128
7727
190
-34
11291
6470
5931
213
835
1645
4373
903
79
6162
-5
735
778
124
6561
763
824
4903
115
5986
242
874
233
13356
785
783
917
847
300
94
199
855
1619
263
202
13937
904
967
865
777
896
22
3759
760
141
8166
743
754
1108
3609
920
47
42
98
149
912
751
793
803
4284
839
795
11879
657
10662
51
864
11032
787
10959
14112
1086
194
172
153
941
10882
896
151
1002
960
231
1304
1198
181
886
1073
975
39
917
1521
743
9223
916
804
140
934
188
159
1420
835
791
848
748
1027
857
144
5709
999
830
180
1299
171
816
803
229
813
735
671
746
11961
704
7
6447
6953
671
128
662
775
803
501
67
802
1371
216
8404
787
53
8445
875
879
978
1012
811
1257
243
955
1131
9440
948
1114
692
182
1084
1187
94
839
1503
773
794
833
851
113
455
114
1114
202
840
808
757
808
765
955
4314
636
131
735
80
132
783
93
924
1069
5557
718
919
6609
890
764
835
860
1432
852
13775
891
824
180
1312
901
917
15
7984
1328
860
1051
134
11011
70
895
664
42
720
947
161
914
785
729
1030
663
1174
700
250
732
10893
175
935
3727
772
706
768
840
193
1260
133
9779
54
-15
108
171
926
983
128
699
853
725
99
1271
740
1013
934
845
723
920
986
122
7774
834
789
876
765
165
1329
110
178
101
7985
6856
164
938
7589
1354
788
97
885
203
43
5137
1222
1362
99
815
751
907
1161
911
1360
11451
1036
861
215
826
5304
183
1364
914
5815
6628
811
145
942
4322
1007
792
9845
848
5625
60
789
146
8608
755
16
1500
1023
1107
79
929
937
50
1418
782
72
138
934
728
9068
924
819
223
118
1528
3986
193
966
875
933
765
937
5817
1052
140
830
981
907
97
830
165
1349
891
861
904
1025
11801
58
171
844
782
216
6029
808
806
1016
37
865
10210
935
12111
16
177
798
915
141
720
780
803
186
758
935
135
1005
1173
10886
8122
800
59
7824
738
876
6049
664
837
857
879
1236
973
-9
652
923
92
882
1383
4880
880
740
739
1350
849
10
8888
905
62
4448
994
1331
71
10816
101
954
854
3600
75
6964
11938
113
926
149
203
51
127
815
1013
1032
1179
80
1227
809
52
877
950
837
83
120
787
1330
741
278
1094
815
1146
194
9599
894
808
10606
164
734
1231
87
181
7372
4148
10566
925
771
1203
1235
1165
157
735
38
118
133
150
867
1320
58
90
169
806
6965
830
904
1270
47
7857
13789
1323
1259
895
33
566
134
985
788
822
191
280
842
703
1150
730
895
3951
48
147
879
34
163
895
9753
154
695
888
112
3107
932
167
556
6531
774
12143
747
141
830
983
10570
28
893
51
145
9860
-55
1252
799
786
1238
892
171
43
-14
41
726
101
1054
44
5781
832
211
248
127
25
823
930
935
119
125
936
109
191
902
910
919
1158
98
907
603
161
772
259
5847
766
13539
927
59
683
9964
8101
171
932
6007
43
78
214
146
964
1343
11
974
927
320
10
257
845
894
949
1320
893
96
195
788
811
7972
774
897
1300
-13
801
801
799
121
981
93
136
908
46
148
1159
128
6194
166
928
213
177
221
174
707
124
8161
5084
70
10187
182
4993
182
108
4480
695
780
781
837
741
819
957
4518
829
812
1030
1210
726
1352
225
871
847
246
164
1415
10873
1256
980
80
867
936
1457
191
666
773
196
958
736
858
89
13184
33
72
60
265
952
6684
812
8577
148
807
7197
183
781
1417
62
121
767
770
87
916
128
3892
65
10186
228
281
843
4351
791
662
169
131
631
233
124
841
1005
153
1071
756
5456
906
1484
925
105
646
920
935
783
70
165
7569
1128
10
1053
132
9798
181
6249
938
878
195
1394
86
672
175
5614
684
930
907
764
10167
150
254
771
873
127
798
11807
4741
875
231
177
1062
994
237
1120
1284
1016
157
5009
163
976
1075
724
914
884
857
914
734
803
925
706
917
73
9118
210
635
5982
833
88
1454
39
1500
825
89
1246
783
865
999
792
10511
66
7259
1435
826
903
984
680
800
1350
172
917
170
196
9011
1311
1381
921
788
186
3171
803
10278
146
75
717
204
687
69
890
208
906
87
61
1593
1004
12397
6064
830
837
1233
727
6579
4003
751
772
808
4488
108
124
888
857
1342
911
821
119
978
811
838
97
229
9103
157
98
865
852
1362
1029
786
229
6611
113
6980
79
131
283
1017
768
102
899
7450
1128
7139
1155
751
228
197
10123
983
1164
1428
82
771
70
242
933
95
619
933
730
871
7385
223
138
839
769
68
110
149
261
2432
67
792
1020
851
559
193
884
917
1022
1155
890
878
973
896
943
1142
137
8000
57
9873
790
1170
1003
255
1373
11121
940
175
901
915
915
1011
145
114
10205
1504
154
135
989
7294
869
682
1371
1167
145
1191
7
84
8121
11613
12400
10185
220
969
855
101
805
4644
832
7891
12553
768
204
600
873
128
9340
168
3554
957
799
3778
717
905
812
217
8948
81
761
83
852
847
178
757
675
93
794
974
998
713
924
6677
648
462
736
224
875
1239
63
906
154
1469
915
1135
151
11659
720
1017
977
1028
968
885
7327
176
992
5718
828
125
7260
146
903
784
895
52
818
138
10322
699
875
153
181
126
10862
886
933
1136
683
915
948
164
4416
68
8001
10002
6923
152
159
267
54
1028
12224
865
11705
139
33
117
217
114
1095
1317
153
189
720
101
92
852
840
1141
1405
720
878
900
866
1083
830
68
8317
106
918
830
130
846
9654
43
968
914
13405
9478
766
158
9762
109
867
204
36
115
848
1212
1250
230
772
1122
86
3064
6322
1182
1328
849
142
652
1076
11291
900
874
933
899
127
876
114
9676
910
10918
152
586
861
111
1173
138
-12
1032
12270
215
686
1164
943
5493
10205
7641
804
169
986
866
155
817
813
169
825
732
748
914
184
1277
94
858
108
901
119
72
115
615
1113
791
213
11457
812
153
1077
881
875
6074
905
98
123
824
9725
868
932
12814
944
824
176
253
990
1052
1503
854
237
1633
192
5475
4254
20
904
268
132
3003
112
977
-46
152
779
156
7445
879
39
1256
850
54
849
31
846
148
731
100
149
142
8751
929
156
27
189
103
161
44
883
900
935
124
892
191
777
1078
1298
119
4004
736
156
6641
753
135
176
200
124
145
107
855
772
831
1011
856
77
1434
832
27
915
4694
800
821
12569
152
771
1056
1002
-22
791
51
794
878
4671
181
11474
927
666
7219
1390
822
875
908
125
183
703
146
153
4400
784
7559
82
1271
896
101
189
103
165
77
114
970
918
784
852
918
1435
889
192
817
119
1023
13848
86
783
894
10
113
8260
44
1122
924
1289
978
121
12155
943
4180
160
825
185
844
10152
1405
800
883
6462
88
810
793
153
730
121
11100
947
66
106
861
3459
177
834
1313
725
116
712
736
805
145
821
6534
7064
735
717
65
68
145
1424
728
110
17
672
789
907
101
158
1074
858
643
1005
325
203
198
886
8546
983
832
1263
103
189
825
764
840
7764
870
729
1077
123
5477
599
878
171
109
10186
155
645
974
154
777
3537
225
14
10678
1275
1316
9634
119
113
45
161
855
9878
216
935
169
121
933
1224
141
788
143
874
723
1281
8017
2795
1333
727
1621
5316
47
89
145
77
5184
9317
81
882
23
169
798
44
892
-1
757
93
1012
1164
67
1444
804
975
894
145
105
71
3738
108
643
233
12386
684
54
1150
8619
881
147
17
938
62
7042
168
119
141
139
841
80
973
751
81
919
45
249
833
217
153
120
902
149
167
944
926
49
617
1140
749
812
776
792
6062
1032
83
1055
896
1050
1086
10575
810
1155
828
1606
774
1418
207
819
1389
1090
944
894
1101
168
879
1569
704
1406
208
13785
219
7751
6754
12860
11388
1316
8647
142
802
904
870
91
10516
3607
4843
839
8875
1036
222
1184
119
56
6790
179
66
718
12436
211
6130
6274
748
132
849
922
10467
710
248
141
852
669
1575
1345
201
1338
6906
96
931
726
122
6838
123
961
1339
910
1176
1038
944
155
237
742
125
185
55
121
912
165
744
738
187
1402
865
875
65
727
6525
40
7993
539
128
175
714
1010
4404
907
85
865
48
747
101
1528
17
251
62
992
850
1612
6762
825
952
1316
144
12229
156
62
846
241
400
7366
10511
160
10102
822
1320
764
130
2949
12388
707
7851
725
1230
828
1
907
899
699
858
120
948
821
4
118
675
195
8276
87
1052
1229
133
190
829
1441
869
964
710
782
97
970
875
793
136
152
694
101
11713
1336
13648
712
829
886
77
228
173
80
700
147
297
1068
727
196
195
31
12359
868
1014
16
160
168
1216
1068
922
7183
765
861
4180
916
7310
754
197
1362
882
7650
200
664
2521
1002
1034
787
1208
923
62
85
10427
43
155
1077
1011
10883
1202
3551
109
863
931
3847
124
525
86
8900
931
868
875
863
181
159
1377
1156
914
133
1498
827
3911
63
164
7787
186
175
991
8169
871
767
90
204
206
33
746
877
7114
855
739
1456
814
160
73
1019
1261
866
121
923
835
842
166
762
946
180
708
110
734
694
875
752
902
940
109
1637
1182
760
898
5326
862
920
98
175
863
815
5836
851
127
639
809
124
210
27
809
788
5292
10885
214
181
114
90
178
893
1304
93
126
883
237
8134
143
5910
9533
847
945
195
880
748
6046
852
883
147
886
154
911
731
1357
5253
8072
174
5602
132
973
157
5024
1572
687
915
230
693
101
144
1284
218
631
95
7731
970
1472
3808
109
854
831
923
865
130
1166
6874
12280
168
42
223
86
824
155
5356
9803
90
1033
724
983
4618
4234
1017
846
966
161
8250
210
596
172
1474
151
1272
60
786
188
782
712
1039
737
172
1456
839
6938
11139
1580
-8
671
46
314
111
1
6903
199
1159
789
781
803
188
744
535
752
1621
6031
866
166
14
3794
202
224
9993
952
115
124
123
848
7423
169
3851
796
9
9156
7793
957
1238
1289
1110
9382
792
191
999
222
1401
91
228
886
13233
120
10
787
108
147
868
181
754
9908
1418
1280
925
812
97
6869
707
52
668
84
210
10739
-12
193
209
155
1347
1178
149
8850
746
2
11653
176
11821
1201
112
878
1010
300
148
149
990
920
7498
899
1196
38
124
852
808
137
66
3783
68
7128
8588
217
31
1220
142
705
70
-38
745
63
665
1472
927
-22
7084
806
5685
1142
784
146
806
853
50
146
889
94
216
1414
12352
138
941
876
73
109
777
8740
895
88
6087
10352
807
950
1519
888
766
157
990
6161
914
817
927
993
918
110
114
1175
747
7538
4780
867
244
179
842
231
487
171
898
1272
4183
1152
196
1509
200
11330
3381
121
1437
1058
662
202
889
1060
714
671
119
7820
946
5660
799
203
1340
9729
1011
101
673
1225
859
5030
9204
938
1087
190
991
780
34
760
853
1129
673
665
794
875
5084
1167
98
796
203
-3
736
12142
69
1280
6006
832
13659
853
1336
3254
197
12627
838
119
682
94
6858
34
13318
907
904
132
850
3149
836
1210
6358
865
986
191
115
63
90
151
85
764
1152
802
917
829
182
756
95
747
669
214
727
823
854
1227
886
930
11661
78
7237
1253
-6
789
120
1070
867
250
7071
826
1236
77
720
854
1013
862
1322
116
943
753
26
7416
202
119
130
177
922
1309
447
118
3905
19
903
842
9335
1310
1064
106
1110
782
879
90
689
116
1478
7282
115
11915
106
125
4845
878
691
44
147
933
682
167
7661
1005
1456
823
67
194
4895
686
226
179
841
98
812
183
5886
747
181
120
791
784
821
156
820
165
722
1272
9709
757
1557
132
1418
51
11662
938
1020
191
119
839
822
838
8056
138
881
778
710
128
769
184
150
844
797
12693
931
1309
840
852
152
169
3773
70
4130
869
193
975
812
958
1151
6088
926
880
75
9139
90
6102
5178
814
758
173
75
8061
811
9922
106
813
86
672
1153
248
874
840
883
11180
983
602
901
838
3252
776
642
6776
796
697
88
1092
1434
115
10177
834
792
463
736
1144
740
1489
799
925
1006
648
7530
161
1337
4881
798
11501
828
836
1494
177
876
169
1447
980
7079
923
709
779
182
815
848
1437
743
13697
111
903
-14
1067
128
228
5248
730
904
860
777
5425
227
1302
9646
35
718
1114
159
31
834
50
6989
4810
887
99
165
163
1100
896
1068
1305
852
1100
1361
1549
824
205
111
812
40
837
913
98
168
1236
207
1313
5851
864
1215
39
842
834
244
944
451
1496
971
874
50
62
7268
967
801
781
1564
73
766
5649
842
1191
214
806
861
851
181
821
1475
109
12178
180
826
9771
824
8021
1200
6869
770
751
779
566
744
11114
89
841
1132
943
4495
1071
1177
1002
162
1480
197
3469
6713
882
201
943
808
958
7948
-10
141
6
932
1391
1016
1030
839
800
166
800
807
8068
92
652
3321
107
128
754
832
886
916
6661
893
89
28
9665
83
693
882
99
797
106
1204
37
5534
821
1576
64
6784
734
1319
861
986
701
1057
1007
87
846
741
7829
1055
1024
85
157
167
4258
1348
864
137
869
648
757
669
13848
13170
318
4814
7124
751
684
171
59
1340
210
957
685
770
105
110
155
79
741
781
193
9171
981
719
1343
166
906
1419
208
1348
167
7889
1330
9712
1210
988
906
116
1409
141
5616
831
130
6032
881
-5
142
1049
676
787
842
894
924
146
777
892
119
3013
13924
136
1221
1012
705
907
3417
944
1198
604
93
856
6050
863
155
87
124
1357
11033
12214
137
1015
144
1325
187
111
157
903
1347
-30
744
108
688
4310
958
763
723
843
1062
281
686
686
915
993
836
946
699
4771
166
769
1326
142
92
4978
899
1265
143
888
13305
831
-5
1099
709
168
713
1564
92
766
4118
780
841
1318
4695
968
992
961
1717
3377
896
829
5435
1319
663
911
117
833
961
872
9246
132
107
733
77
130
810
165
872
181
194
781
176
163
121
721
5207
1501
1220
8993
793
124
14001
11771
80
79
3
128
11654
927
1292
26
1012
798
1023
199
7546
989
3157
131
1284
7644
748
1080
940
1211
4599
94
770
873
1131
5710
156
1323
7646
1145
176
672
6889
126
11384
821
-24
7890
1085
158
772
951
881
-8
128
1175
209
147
6721
846
818
755
821
710
30
709
7646
23
840
1091
53
1302
1462
833
991
875
799
177
26
905
11827
7463
107
13700
1125
733
1470
8878
869
256
1111
121
890
194
799
113
846
765
7725
13852
6456
10130
714
252
779
119
954
725
115
840
217
8695
1238
797
742
5180
50
1016
1062
3465
176
706
813
800
1285
835
751
72
681
5920
774
621
873
791
176
816
810
5587
158
116
893
751
957
141
916
930
960
167
1570
7627
1069
198
1115
765
253
175
89
230
5014
1200
235
907
110
647
178
1159
1266
3424
896
11537
129
9128
12795
807
1632
847
931
839
831
3774
13214
5872
256
157
787
1252
811
751
806
1010
1287
134
680
775
5134
35
932
123
1061
984
809
760
86
253
768
1310
767
901
10985
727
9846
1269
845
5889
641
797
119
4832
895
890
1002
1212
645
1258
710
755
1306
6980
5302
2943
-43
6876
821
220
170
754
736
575
1418
221
857
241
883
640
1235
1191
797
49
827
802
914
749
102
33
119
715
94
688
1465
849
897
683
51
195
151
112
902
6372
1182
794
5401
1008
179
68
3606
175
7873
174
209
890
1145
811
10111
4305
1440
88
798
136
930
90
7487
877
1188
168
186
12
817
959
249
140
946
1059
104
153
221
4420
92
970
4133
-12
746
1107
1424
118
657
1258
1091
65
774
162
8205
775
2
888
87
1185
1242
883
898
7530
5370
984
84
839
69
5055
92
1464
778
129
5252
10705
4762
1017
896
881
808
1134
900
944
890
379
11805
864
934
180
746
1261
806
1229
1304
808
773
1439
28
896
26
668
875
793
824
41
31
677
7795
983
1245
1144
11254
4271
1566
835
972
1067
1228
996
247
1040
135
1035
1366
789
224
764
706
918
129
109
86
898
785
39
933
139
169
4893
643
687
924
1501
-18
739
856
811
189
127
147
655
180
216
1503
919
4244
949
186
149
892
896
1054
938
2640
873
1030
841
11083
829
58
1411
8918
848
757
4787
-9
672
8738
216
54
3955
99
278
757
112
6885
1079
223
47
993
10530
7978
849
976
11185
849
148
634
829
1233
4791
845
804
915
174
58
10595
149
1173
112
1218
5309
9491
-40
906
1554
594
762
5699
8038
1505
924
18
6471
88
7863
4932
38
12998
10424
5
878
118
101
733
116
932
785
111
746
932
118
939
825
904
656
1268
745
1071
905
868
824
8014
857
180
910
907
899
75
857
158
6273
614
694
773
189
857
885
931
777
6216
859
1050
1576
8115
6194
1247
792
1325
164
12175
879
52
4086
874
1109
48
650
3940
91
72
704
7243
50
1360
1380
25
1265
754
125
1314
1078
79
131
852
929
7532
774
146
6298
918
7804
86
153
903
214
164
892
1490
870
4803
1253
767
808
769
13083
899
1097
12889
3222
974
1050
93
1005
1210
726
12108
447
859
111
1198
9034
227
119
669
140
816
1276
964
734
820
179
69
951
126
810
968
891
953
712
841
92
1269
7083
142
987
7432
106
779
190
3549
112
59
856
1302
970
899
11043
852
875
0
705
908
656
1297
136
854
7189
835
20
1396
144
837
1089
786
13105
724
925
2974
6043
5633
819
871
748
696
1263
3556
1629
193
139
893
63
86
348
919
1176
109
1241
700
842
6461
1351
3781
52
776
903
5419
10661
887
915
1283
122
177
1409
724
60
67
1023
731
124
3703
181
917
710
879
879
1433
852
853
942
1453
1305
177
6647
1213
69
9308
93
922
1006
799
799
8100
1260
247
107
5585
1168
663
860
958
26
1161
928
-97
8750
819
1112
129
892
730
755
755
208
1222
736
6970
131
93
115
196
776
127
77
818
117
228
1115
710
216
724
957
123
786
863
61
1294
809
8319
7637
205
9717
938
136
134
824
193
750
756
952
982
141
1356
693
884
1439
812
121
928
1017
764
2521
196
941
74
879
943
1105
875
1443
912
747
6097
221
901
126
8437
9330
847
5177
128
53
1608
1311
873
4212
9766
260
4454
720
780
3734
1011
806
710
87
917
3352
1631
939
69
176
161
769
1025
834
144
116
5996
5143
669
16
811
880
7195
1372
867
973
1647
155
95
794
10076
977
12140
1040
12526
126
931
204
198
1034
104
847
789
155
838
202
1200
7932
862
1153
12351
1072
180
1098
1728
12644
856
58
136
33
855
1280
986
869
719
9631
757
71
7651
147
1295
90
920
1084
726
768
34
166
1181
1467
113
891
204
1137
700
981
1024
919
792
5417
883
711
6229
931
774
816
12522
815
37
628
713
845
103
740
23
244
862
904
132
7073
177
499
1567
30
1299
9352
921
774
9316
7964
103
870
646
910
889
9939
229
-23
1408
852
777
214
765
38
957
861
5646
156
918
1369
10445
5467
41
6695
803
735
904
6730
13744
1014
116
184
200
805
119
30
1376
13493
139
842
100
10239
869
208
5987
144
853
644
897
1235
728
150
914
1360
99
73
756
991
-4
7065
851
932
879
1132
171
6108
821
795
6686
-7
1109
6635
721
4668
9393
8683
1578
823
7403
1193
686
4019
737
1289
174
-58
12771
5569
945
8415
1097
119
746
941
929
555
1211
857
668
296
130
130
1151
1310
1215
163
2644
790
119
812
803
811
1290
64
161
1336
933
1354
752
148
883
736
636
822
9
1264
1183
89
161
5505
717
-9
899
8312
1360
135
1103
82
94
704
632
137
93
130
201
876
955
725
12856
819
143
1413
131
231
97
792
7775
904
-6
754
198
857
1286
189
870
910
78
2977
805
167
743
723
11059
12735
791
8256
876
13208
710
181
790
7313
8588
9330
8014
6881
7235
1051
884
1287
9256
117
856
740
36
55
81
1328
1
774
868
280
112
861
130
4793
117
132
748
617
95
853
141
938
27
97
1219
107
1181
91
800
1462
904
1203
145
889
767
1489
956
5314
44
1293
794
7951
1038
981
206
244
1385
973
817
10939
776
922
703
1132
204
853
12235
1405
1266
3322
131
44
722
123
13164
873
222
75
786
694
966
1225
836
99
3715
7269
4073
867
1174
49
182
202
118
47
69
164
124
8196
7402
1152
230
767
160
1263
103
8683
889
860
849
663
970
132
91
879
6766
93
891
1454
800
897
3592
48
787
890
910
807
1099
889
696
67
785
3940
134
10079
6580
57
875
732
9798
1169
297
679
925
1057
87
1009
967
896
75
1640
817
619
856
616
1023
846
813
924
1316
1288
-16
3442
1145
1039
7427
742
808
870
1275
8004
909
5424
236
1091
-13
718
43
1260
1500
1280
4066
1315
76
44
4006
663
99
6137
1292
202
892
823
711
796
833
1118
742
685
197
835
81
155
1267
107
1073
763
14006
850
797
712
5588
889
687
199
1295
1545
132
914
675
1629
834
11067
1433
58
864
9389
209
4269
749
9951
116
795
795
4045
758
140
990
956
11227
730
12877
95
932
752
12592
1312
1396
137
746
857
880
740
714
1248
1280
889
5456
1272
650
1071
12623
191
6940
977
1415
1462
244
61
1089
749
9700
3778
877
13648
1331
143
158
847
928
784
7332
196
156
838
4270
924
888
846
82
787
1125
140
635
12996
767
5891
817
226
147
882
188
191
892
683
116
74
843
775
1391
788
100
816
7500
901
156
864
645
916
-26
775
846
9099
4375
12
1279
830
6571
762
900
101
119
843
101
567
70
868
753
153
9718
90
5116
882
10251
666
707
160
1488
840
572
843
210
871
1137
871
896
7761
919
95
1013
63
1487
862
8418
10416
759
160
54
163
127
179
6838
69
4982
960
1028
875
829
7129
7716
826
805
739
1142
896
14078
12992
909
7157
854
175
820
1335
816
49
6736
761
5093
138
142
1429
861
3524
897
92
191
9394
434
123
39
110
128
726
109
7338
100
7114
859
10571
10694
145
132
785
7419
892
6907
860
14078
122
208
1277
997
5456
67
7287
99
12650
149
1208
5496
781
11994
6359
5776
1202
1392
5201
151
978
1049
7582
919
44
845
3248
64
47
1734
132
255
958
928
7265
3492
872
1341
171
1396
39
101
1176
937
895
4606
-8
944
3724
1432
925
805
683
1101
1175
27
3433
793
1369
10460
1228
44
58
1143
7213
1336
147
963
5042
136
1247
5865
86
877
769
209
5260
134
7077
942
7309
3687
883
1331
834
115
7814
119
871
891
1324
1387
1389
767
166
834
1187
783
-10
628
150
880
822
3429
732
73
739
797
1315
911
629
174
882
8665
-86
1245
103
7265
137
46
12172
167
238
4673
941
211
830
4699
809
867
1433
1142
136
972
172
641
7036
774
932
873
962
1209
918
957
185
5423
889
627
958
13
1022
742
12170
9850
842
1216
933
1129
89
765
675
895
829
799
966
1423
707
1024
9102
116
6234
13060
168
6849
913
864
1400
663
8166
820
771
741
799
-31
1413
880
895
49
914
161
148
1126
777
695
289
202
832
1221
164
83
12212
771
993
10835
6020
792
866
652
756
1144
110
7038
1333
5059
5257
9147
883
662
1211
1367
908
587
156
239
3
752
206
798
887
88
1175
189
856
13714
774
792
813
842
228
884
179
28
639
1075
159
-17
72
839
58
1343
751
-29
22
771
10840
132
793
817
1173
166
1353
49
769
35
1220
8144
130
949
109
731
119
10736
180
764
828
1098
955
839
918
950
111
808
106
765
857
850
12351
644
782
219
-47
207
1265
893
890
8192
1278
1323
13963
906
1286
152
119
6775
9042
1354
5736
3916
23
7538
182
723
811
827
190
1065
122
1074
721
982
892
494
95
2
4776
743
971
824
47
721
-5
820
9110
807
729
697
47
10428
115
872
743
891
-22
830
166
1272
725
5453
901
714
828
5843
721
4056
236
5623
834
12026
878
848
132
689
9599
134
802
1245
98
1292
1227
173
827
641
25
848
801
778
1380
978
703
894
144
3133
19
-1
12723
824
10878
915
660
6946
835
158
761
5976
3971
215
177
812
113
948
167
199
4210
1188
3922
1354
231
822
5120
721
6231
907
825
4260
88
3743
754
6132
164
13717
851
608
882
1390
99
7085
51
1240
798
134
660
836
883
755
698
190
122
1490
1149
169
833
4966
98
52
732
20
1370
958
717
110
1373
126
157
37
1526
127
9040
897
1276
176
9506
68
700
1297
1149
1545
767
831
188
930
801
188
781
5744
699
159
697
830
684
789
834
1136
5981
151
9892
181
4921
148
-15
9846
871
90
104
3355
69
114
789
10896
72
4509
768
750
714
716
819
866
796
895
1521
7772
1516
945
77
10506
112
1378
1650
894
826
824
744
895
851
712
851
1032
935
163
1221
720
620
4978
827
174
214
213
813
4490
63
505
860
120
928
69
145
22
69
12379
1287
1461
1290
231
949
1369
83
833
76
803
751
800
14
1001
8408
658
10887
895
925
742
145
1190
174
805
606
826
618
123
920
928
862
157
611
73
755
905
1075
886
62
86
752
1029
131
591
842
132
1283
947
861
106
997
242
51
859
923
61
167
185
64
215
113
768
114
806
-18
11765
7271
692
56
967
951
847
3381
774
753
1255
68
121
1481
1534
12680
7166
735
736
807
1271
842
3941
742
76
5423
824
2804
798
756
12973
1048
993
6943
191
36
916
831
942
809
833
7014
838
22
103
960
938
8705
1313
11063
738
926
-7
204
116
769
933
776
4225
193
209
907
224
6873
4855
686
1001
77
4685
788
62
6541
813
850
743
134
829
1269
5641
1371
179
172
10366
850
8622
642
732
87
11771
791
1073
8103
676
1593
819
935
740
838
823
11415
165
23
182
186
7723
782
127
174
161
4928
69
1188
161
123
4044
806
712
7781
88
779
99
2793
679
876
1281
94
702
962
1215
705
948
983
922
898
122
60
9068
877
865
132
751
8297
-29
32
30
1225
1323
1210
30
160
604
861
654
54
73
13742
116
8
37
61
82
857
1130
948
172
1309
8904
154
228
749
233
913
876
21
833
165
900
135
928
708
981
909
933
69
958
202
5561
740
126
7555
105
9602
1258
12058
50
890
57
842
901
131
676
11479
-1
13634
739
113
725
35
45
21
544
857
848
1186
685
721
152
1496
1328
855
808
11530
842
711
706
884
871
11865
1039
202
110
747
807
4
919
107
1172
156
142
933
1165
755
794
1207
634
3068
5453
720
79
3157
1102
895
706
1012
52
141
904
884
856
40
747
1048
1398
682
59
122
932
1585
862
853
243
840
92
12190
1486
1339
1079
3162
207
898
8181
188
103
268
799
912
92
10274
785
685
1186
860
150
838
838
152
184
148
3756
1175
1313
-38
129
177
54
933
4055
1317
752
3239
783
9578
818
917
1209
2737
7982
11424
1287
109
92
123
108
891
1246
189
938
769
987
619
142
183
773
139
836
125
11102
739
11952
131
3891
86
810
196
832
9127
965
6484
159
823
1617
749
10530
874
787
914
77
109
114
765
1125
862
916
175
754
7203
848
855
869
772
122
731
812
1427
1063
887
887
8
846
1274
9353
6086
960
973
767
90
160
95
746
6617
722
11000
185
890
88
854
79
774
7957
696
155
867
935
754
38
828
870
647
817
800
936
746
727
1211
920
10947
764
981
1059
138
7317
886
13
815
3080
824
709
696
122
246
819
204
1215
31
1073
887
7316
161
849
887
885
964
884
1458
597
719
12569
1352
1188
71
130
96
875
1298
728
49
4124
1453
193
76
844
3602
3850
94
811
192
932
810
45
10984
9440
1555
1267
160
704
639
798
886
636
4256
155
13
1104
875
851
874
834
1220
690
867
96
12658
24
794
212
807
44
779
139
1407
673
157
826
761
5391
13963
1015
743
54
2666
532
7008
1286
772
1046
52
815
4596
741
1254
6579
237
863
7201
1566
900
125
826
13290
6715
5373
5315
439
932
833
5051
666
764
836
3742
797
985
13842
5164
973
116
6416
9150
119
5506
6130
89
812
915
10503
769
1579
995
161
136
906
202
785
849
870
829
6213
712
770
133
49
1124
1278
889
10988
871
1392
793
157
859
1314
54
913
780
52
61
984
1272
-7
128
689
78
724
870
10374
11663
27
929
859
738
725
8538
933
106
927
134
734
4970
11509
128
95
8897
4871
1047
824
1288
42
1071
1147
4436
8669
795
1424
4949
4126
10399
941
909
8176
162
132
185
702
174
1123
845
906
945
866
109
102
1159
807
1244
11617
7364
670
202
1276
4847
204
804
773
146
33
893
962
17
734
6648
140
1376
12333
741
140
1475
189
957
152
960
90
927
920
607
200
4479
901
5089
129
725
863
805
817
880
733
1015
1159
843
231
1399
11486
962
1373
11829
679
732
124
709
160
863
746
107
115
1354
795
879
1171
767
75
5197
4960
771
11895
1310
194
883
767
3894
862
12671
999
1137
1464
898
4992
760
1082
1230
1185
803
912
693
854
744
115
906
4643
-40
817
868
782
4290
8772
964
668
4338
656
695
778
8240
10348
1328
855
229
887
712
832
175
801
986
893
96
878
1067
1199
1064
123
888
179
858
1186
95
907
177
6916
125
256
147
1043
768
5932
230
8124
915
1379
753
10660
13101
1194
11245
4575
43
712
111
699
783
8614
1312
1371
774
789
896
723
91
10076
768
1001
1005
770
894
125
-55
218
28
1141
766
104
722
3
167
809
1166
1466
9983
909
5224
821
709
769
957
11286
20
1032
4615
767
915
773
984
721
1052
7018
788
820
642
846
859
810
988
163
5316
4781
5608
737
745
858
1034
1570
557
1324
779
1092
907
965
976
79
785
880
-71
920
1195
701
858
5899
109
796
140
931
822
99
759
130
906
785
1265
726
13412
13169
987
958
49
1584
6792
53
88
119
989
816
485
34
77
780
1018
7290
145
832
916
133
919
784
10043
134
977
8729
192
859
112
1186
12336
1282
940
896
759
725
654
851
134
842
137
929
852
740
203
754
779
856
834
1303
906
42
845
867
7171
812
8161
81
671
148
937
901
4757
708
777
11955
892
27
13059
7704
10168
1038
77
3726
180
938
50
948
741
880
973
973
14
702
835
776
146
214
1224
772
1145
1428
852
1312
875
845
3836
881
13206
178
744
769
723
1180
916
709
854
131
855
968
1163
785
838
688
116
8
87
90
716
750
106
8846
1144
911
884
747
11234
930
903
708
42
641
7278
726
726
737
179
889
940
5447
87
77
60
14065
758
896
100
913
903
825
658
1138
661
49
846
6660
809
-44
1081
795
770
125
50
329
70
973
819
923
1208
713
924
687
1231
844
1026
878
195
923
81
852
199
6918
5553
170
760
1362
-39
905
10647
1462
101
949
222
135
101
758
1211
1591
1226
774
43
173
886
821
125
-41
739
91
1231
800
11538
79
3959
3486
7971
670
816
129
1359
3689
116
878
9629
934
1242
10638
1233
982
58
1331
1031
11296
901
818
131
27
829
11581
884
936
1033
5226
1486
819
5746
7165
1032
823
5952
7378
900
866
10548
122
87
93
143
948
953
853
51
191
133
916
-13
753
14158
933
154
775
211
873
7503
121
807
846
4417
156
754
1298
10224
800
853
1107
797
721
1121
128
905
905
174
194
822
768
701
39
1335
93
1094
757
12827
750
198
1221
103
794
10361
7159
5956
57
799
36
78
215
873
12193
224
83
859
1339
873
3162
93
119
787
961
949
9704
151
1366
1160
6387
873
6346
10679
1327
136
129
151
995
3739
55
87
73
5258
811
50
876
851
5886
1293
809
796
178
1399
675
200
73
1018
762
152
543
666
-34
-14
731
141
834
964
4015
85
171
1559
83
6089
5527
8837
1479
1624
10352
770
729
1447
795
1002
760
833
1545
153
6926
63
1035
648
157
1160
55
662
872
901
1122
758
993
800
183
1159
903
676
7412
799
913
143
30
905
811
117
71
689
51
709
3401
916
816
11050
61
138
1454
1062
798
39
6687
746
929
995
86
888
122
999
793
87
691
709
777
1112
87
67
777
787
961
5018
117
8819
91
11065
764
1342
1028
167
1316
741
10698
12319
1057
1073
764
5124
81
264
1526
11774
19
806
37
807
937
1302
814
1021
193
826
981
804
870
103
12823
9
11748
694
138
791
806
121
158
895
2885
53
919
6756
846
3829
881
814
776
956
1187
853
872
208
36
786
804
883
1233
744
1439
78
189
963
946
5820
878
978
6987
4765
600
997
1108
1081
3152
777
750
708
10556
65
5005
913
78
786
831
916
922
1068
1053
862
801
807
49
3
1059
185
1286
702
758
825
847
833
778
6053
771
12936
629
6739
755
922
883
800
1116
5130
9787
776
7417
848
6061
1073
168
1201
954
131
909
624
8722
1020
135
138
124
1170
959
5449
1186
1107
176
80
854
8000
850
795
82
4056
889
13014
745
854
122
135
713
12067
28
779
1456
197
194
1135
839
128
42
1355
729
817
1443
1329
827
1271
653
5786
803
1105
8281
819
192
1393
171
723
751
1017
746
814
840
932
1006
830
985
772
1297
1267
9350
823
782
746
88
887
27
156
1013
795
791
818
1132
823
11391
124
756
822
773
149
125
124
526
44
8
876
1176
46
968
111
777
4785
-29
828
724
40
863
11148
827
1025
854
965
3695
4825
992
989
848
845
4151
648
946
872
813
891
859
161
853
696
137
4637
766
803
747
81
864
138
75
9548
1510
8440
88
1552
7711
898
872
64
996
33
732
4280
940
990
771
795
144
91
961
1248
924
835
643
10827
646
1628
42
158
132
845
204
868
754
129
11517
841
107
225
921
682
681
8875
1092
65
826
234
9726
4653
891
2
158
6616
4440
923
1481
6271
4752
224
272
115
808
840
937
923
918
888
767
945
60
719
1046
165
123
790
764
50
120
198
79
1445
6885
171
229
1010
792
7475
1287
143
846
5356
159
7381
3638
1070
7840
1215
128
780
-35
6031
1235
5901
824
1263
38
736
86
838
1080
742
932
803
210
924
843
827
99
7895
1635
3837
156
776
111
827
722
823
201
128
218
656
720
850
817
5971
152
168
812
987
95
810
1214
82
9408
5848
948
118
1403
1314
125
73
77
246
896
1223
1024
110
819
129
13265
1083
10974
908
4933
794
890
6790
900
92
102
995
66
722
1200
819
747
814
806
958
823
867
1295
40
915
122
736
93
95
797
145
868
109
944
718
751
9470
1052
80
7498
816
713
946
778
159
27
7416
855
142
903
162
754
1235
1454
895
904
178
9
16
44
4524
782
820
842
854
761
4097
805
171
753
194
1371
-23
978
778
25
781
92
198
1230
828
875
819
768
6909
768
875
920
862
7353
1465
102
1167
1385
79
1008
105
3014
1303
843
6952
159
878
159
1328
1363
7104
118
122
962
-18
880
1006
840
844
979
870
843
7937
1009
879
602
5010
763
260
174
752
770
748
1450
1051
82
209
1195
2986
6526
1286
9698
8428
9655
134
843
1103
123
9384
1142
894
228
1321
968
796
5138
963
168
1305
155
181
94
926
130
764
9224
99
856
6319
848
1131
799
701
790
1562
1614
807
691
767
730
834
179
3069
3227
1082
944
1305
5605
783
754
48
1194
822
677
604
926
963
685
672
7
879
934
224
113
864
955
952
241
219
821
171
854
1277
1204
846
736
8860
-61
1338
158
1080
172
204
707
800
753
93
92
899
948
139
1226
875
11812
105
899
142
114
2994
906
70
199
868
7518
802
1048
160
924
3396
727
-17
12578
242
871
159
892
138
7211
254
890
1317
236
829
814
794
97
802
164
878
108
782
7596
792
1243
845
870
1167
725
1082
700
774
67
807
977
717
811
78
177
715
-14
45
960
1110
5456
1050
13241
116
721
893
1178
66
1068
925
836
121
899
82
4947
85
833
180
1152
3
799
174
789
1248
7825
830
161
1366
829
1247
687
969
995
83
1130
83
934
803
907
13
87
802
6434
60
5707
277
232
11014
1450
1294
6777
131
1338
756
8247
976
782
144
164
737
631
5940
889
14008
890
633
11794
1358
11710
796
143
4164
804
790
834
1635
109
828
847
767
855
718
840
-19
37
923
1290
6198
150
1183
1003
525
899
1133
919
137
73
985
802
7193
1341
670
908
942
5922
755
84
2510
99
1101
880
91
922
7527
829
11659
7128
93
4974
72
1105
866
63
724
1086
1366
1433
206
191
768
759
90
915
1308
1247
55
-84
61
157
595
654
90
11389
665
1270
959
51
916
51
1393
5981
122
862
845
1268
798
171
14
161
1311
2
86
773
762
790
690
10076
51
870
55
9018
598
4783
854
1017
708
888
8461
763
805
110
15
980
8
757
5
912
722
1014
738
165
77
778
7743
96
747
11412
5852
822
608
1224
1144
3733
77
5171
702
10647
1062
982
767
835
16
813
817
922
203
808
5115
138
94
10545
1109
898
913
856
948
695
86
691
935
131
816
6945
1297
69
890
11060
861
919
6577
921
865
68
11152
4060
937
100
7549
784
954
3593
931
26
906
147
65
807
701
834
1404
692
4465
3968
8921
786
1146
70
822
865
838
762
1361
95
737
10102
1259
-15
1104
8401
684
1069
720
870
795
710
741
120
1079
681
3848
847
88
903
892
875
759
142
912
833
1215
167
812
145
12767
12910
888
747
731
881
165
862
923
71
-11
137
194
873
697
-6
203
1254
967
156
7818
7353
3312
201
746
93
1389
11012
178
123
648
823
710
125
851
53
1098
927
1180
132
1388
854
944
5213
1428
894
206
6904
816
776
1335
8675
39
1054
1240
5277
7984
118
765
67
1100
849
800
27
893
57
617
907
595
576
117
612
751
11158
901
643
712
91
60
4660
45
1335
975
115
1346
6055
734
239
784
870
76
929
772
1472
836
844
10536
808
11253
706
153
1187
983
7475
161
717
132
694
661
830
901
116
884
881
848
744
5793
1193
8584
866
4593
708
11
763
781
718
11811
62
831
748
33
-38
-3
9283
4271
614
442
1265
837
771
3904
926
776
785
1131
802
740
1249
132
663
1445
11202
1162
124
1018
873
887
732
113
917
812
765
11368
105
3784
7851
8946
1305
904
848
1406
1304
5321
844
13074
844
130
3457
1494
1249
804
3530
215
4782
112
132
55
1525
987
58
735
903
749
1015
8800
935
1321
1046
1112
627
861
3503
186
873
117
916
1001
1119
133
8459
1135
1016
703
172
871
633
819
4677
92
893
769
1167
922
948
925
7
136
141
817
1315
933
684
841
3716
910
104
752
121
12536
8927
775
732
790
63
902
880
716
1132
838
855
39
726
1213
728
155
861
8439
12094
1239
876
159
767
12142
100
860
891
5028
766
172
3537
904
879
810
885
-21
690
6175
54
589
1159
11019
684
788
-102
698
967
1036
1193
720
680
9458
5391
778
1003
856
774
4932
810
11421
8712
7810
1283
1408
75
873
881
803
1336
777
53
944
641
-32
930
-1
696
119
91
5092
808
1623
6723
747
795
843
759
143
797
1413
5216
52
1179
849
218
719
1146
85
124
6602
876
812
929
8374
804
886
896
20
825
789
5955
809
1371
60
868
646
1268
883
-2
881
1257
751
810
10961
1236
6151
1298
79
658
7209
865
758
937
1129
125
66
891
67
832
710
164
913
749
928
761
603
64
808
1002
951
13995
113
708
-52
5834
13413
729
128
754
811
60
150
5443
705
1350
746
662
5995
907
1025
1294
790
816
1412
621
16
88
1294
9759
10036
68
1290
858
505
781
131
3521
814
90
821
1239
5351
112
1092
167
698
3965
827
786
956
1155
130
999
707
81
91
132
198
887
1389
5004
66
104
1007
86
73
674
5986
1333
851
657
15
726
1237
130
884
999
896
89
8745
712
969
891
994
-4
788
951
87
7530
1282
975
836
5210
103
1153
750
204
1089
882
539
970
85
220
195
849
89
885
12040
766
111
823
37
1038
11860
845
851
7351
726
1070
8623
809
129
1326
179
698
915
6852
776
1340
795
1223
650
749
5907
888
10548
7787
599
1472
4591
4271
178
13424
1141
803
875
237
62
790
60
794
880
1038
816
70
750
1061
1177
775
114
1395
89
125
129
36
1392
44
7189
11618
883
1158
760
961
1
1265
895
797
1271
10304
1041
795
1583
77
918
843
201
830
37
867
712
10427
65
123
9005
87
763
878
702
56
809
208
746
835
13411
719
899
197
5691
1078
1161
679
824
831
10
1076
833
9198
913
773
909
688
7640
916
175
20
187
757
1507
4151
317
840
1400
4934
5574
845
633
1066
815
6468
12914
868
158
781
1025
970
125
782
5984
889
11617
11
240
1328
127
5744
797
746
943
7618
637
100
861
117
65
2773
1583
4132
987
886
78
1140
156
850
4814
733
13622
829
919
802
102
604
860
772
132
119
823
155
799
46
93
1300
180
772
215
3251
736
871
875
903
2707
178
934
6597
855
652
872
798
6796
220
975
1403
703
659
396
735
1016
103
849
898
151
138
873
874
651
891
149
732
844
844
17
759
1236
1323
-15
97
1176
908
7281
108
10380
7708
201
877
939
111
716
10826
849
9798
1266
-12
917
1267
913
13968
783
77
3934
1299
881
912
1451
7344
236
14
834
180
77
79
1149
1072
1324
7518
100
719
864
861
863
1587
817
8450
1131
809
700
810
5396
131
1756
829
142
933
829
10015
871
957
733
146
125
1071
815
9994
165
914
8462
576
105
1544
76
6516
934
4341
708
11029
827
6407
11733
13676
745
1490
790
1295
1070
122
157
723
897
852
816
724
1090
719
1487
71
190
-33
256
4035
102
752
826
6674
161
707
11207
1214
117
542
1523
41
1458
881
9173
9768
810
797
103
702
921
6972
145
807
11641
735
972
901
730
139
108
822
4939
144
935
110
146
746
213
1268
125
133
858
8990
973
1448
981
933
96
927
857
863
855
1585
134
1124
7924
813
1228
752
945
828
193
5952
658
-5
-7
1191
109
812
727
88
1260
1075
992
5838
891
1072
911
853
263
714
134
6669
695
-20
141
894
640
147
736
7046
11613
677
88
1417
140
166
967
793
5942
584
10132
113
928
844
774
587
5391
926
31
17
601
732
1325
6150
1027
7490
950
899
8096
1036
90
915
776
1265
794
113
-73
1410
212
-16
782
850
69
686
216
824
849
102
807
373
1486
647
-61
1098
165
9839
1284
1232
767
844
857
999
12356
1094
832
516
101
1487
5811
7098
95
420
820
184
734
947
777
210
12964
875
895
743
1411
950
9171
7502
839
893
118
953
5849
129
71
876
730
784
178
663
1511
789
119
13187
149
250
1165
865
759
627
832
221
158
1005
124
699
6435
926
116
77
1111
166
998
748
1261
853
73
690
881
105
3894
870
4397
-58
885
207
594
884
834
7
237
1232
1217
714
213
98
684
1141
13280
862
707
1266
12215
800
80
149
862
473
10721
119
1070
5131
826
10525
846
863
864
890
673
221
749
7238
732
776
6378
731
724
1258
27
80
99
826
7143
697
165
746
1539
682
1165
1584
1569
1254
904
1349
131
701
94
607
1379
911
-31
212
117
880
11628
967
738
39
735
1231
142
746
862
750
888
1016
762
836
726
1322
94
154
820
148
1161
3711
99
986
814
50
1223
80
768
7329
1494
926
99
600
10536
832
357
949
8407
1007
4306
815
89
749
-26
210
8604
42
97
3198
1418
135
6334
6185
34
855
800
634
17
1152
1522
729
9590
65
744
791
916
732
825
947
1438
1453
10941
782
124
8943
53
757
0
13507
146
878
125
854
789
1140
859
9034
9515
5709
792
1000
1168
5484
62
785
833
75
5184
669
1255
95
1311
721
689
1358
3651
743
160
72
846
790
881
750
860
6634
746
5030
692
1041
13049
750
903
6096
36
1207
144
726
202
848
898
1021
177
606
18
837
776
778
115
885
743
860
882
60
728
1286
7245
965
1425
749
699
975
756
117
934
775
793
774
789
1645
796
153
779
115
778
744
607
59
165
6500
700
1345
10818
837
169
769
833
175
918
1200
866
908
968
1102
162
892
753
872
872
1096
698
8414
1073
909
620
877
6943
715
779
1328
828
802
836
205
96
8037
1382
8620
6115
1120
846
5389
161
805
879
1103
7245
782
910
6658
909
6062
739
7062
117
800
124
1188
4174
841
393
4504
1003
98
749
716
12340
141
218
1154
896
3022
206
72
7157
153
830
843
127
84
995
1544
677
851
6921
238
901
12117
817
159
1268
722
855
1020
193
1388
5867
556
839
132
928
95
727
1078
708
194
909
11711
4149
230
113
128
1392
1033
844
82
749
237
783
4441
141
6629
698
836
149
1422
5779
130
130
850
839
944
1287
1640
108
136
871
685
634
54
105
190
799
13985
833
7240
1407
766
665
1278
1358
182
629
1161
766
161
229
56
5493
870
196
1067
1163
70
12929
852
802
1017
788
1372
9031
206
733
79
8345
178
870
846
901
51
9164
5661
164
1268
3467
4873
5364
1366
248
8902
1334
683
916
74
73
116
915
778
33
1214
799
864
196
145
3671
1293
5001
870
1309
143
130
50
167
1165
658
830
881
194
905
67
6775
8552
139
5427
956
4915
1049
9612
830
1435
160
692
728
135
3480
6939
1065
269
812
840
631
947
1072
208
861
893
958
68
742
138
190
883
995
834
1110
6801
86
909
6715
980
1235
899
34
9692
7060
863
1173
10203
-32
801
1036
1197
1168
168
235
843
995
879
902
155
742
144
892
835
88
937
10209
39
212
922
183
851
797
1099
135
3983
983
7066
16
122
5581
647
116
979
808
90
743
266
773
245
884
6712
8209
676
731
1278
786
-76
773
5024
847
271
6740
5835
761
1056
810
503
815
797
118
804
1305
76
1013
933
176
990
839
780
173
5243
865
1038
77
745
682
7906
700
76
190
1155
11668
209
712
747
7842
848
214
732
867
620
1250
1
4981
944
678
1292
3026
1314
910
867
11352
824
208
1303
806
814
126
750
226
8246
12845
907
3630
1276
926
1041
251
842
1228
1564
1174
813
187
710
117
770
1010
4329
752
-32
163
28
127
857
7921
13408
-136
979
879
874
223
861
841
780
771
208
1396
2883
56
871
798
944
699
173
114
1516
120
7928
720
1105
1566
849
853
789
72
940
105
975
1290
6833
801
7674
931
13055
1312
211
9568
978
14065
1294
889
1189
1317
145
941
153
751
690
3885
84
819
13
835
791
483
106
11977
1200
6050
120
735
942
744
5255
109
732
905
5305
12727
1310
8194
748
841
10
902
716
889
143
773
1509
803
191
66
1000
1445
79
975
859
177
741
-21
154
118
770
743
5060
1053
9610
7605
1363
802
813
1347
709
870
227
819
735
1320
7553
132
10680
748
1271
714
1311
966
7212
1300
87
1326
867
17
218
150
811
7810
126
362
965
7561
1206
197
923
870
178
693
1328
12270
878
1234
-46
58
823
725
12260
1033
1310
770
830
78
863
769
910
726
943
63
1033
145
206
10104
85
739
996
765
72
5469
714
912
938
153
888
741
12688
98
133
876
630
876
196
174
1038
687
792
963
12887
3928
760
857
1358
183
726
908
2941
1220
230
12497
11289
712
1107
683
6519
124
6636
815
239
793
7789
6245
823
917
668
950
949
13856
4196
774
766
4161
833
771
96
3578
744
670
49
826
737
6727
779
974
794
776
666
881
43
676
803
642
950
19
1107
1229
932
43
46
193
1012
64
790
1147
106
1273
1442
54
4100
776
-46
970
41
852
115
1279
714
146
812
4012
986
12048
1166
735
913
168
1021
95
911
5175
1199
1039
167
912
843
1072
63
1220
829
839
7900
980
1203
858
747
118
1124
739
1446
126
137
200
150
868
10386
5939
1194
175
1098
806
18
734
1082
869
4933
748
803
913
208
983
12846
702
1114
6016
122
146
267
8060
187
877
5480
10762
79
816
149
933
13559
726
786
890
80
832
12215
1302
4333
6359
92
761
755
782
703
182
4329
7282
1482
88
736
30
1209
7672
89
77
765
47
795
822
675
820
993
125
6881
867
198
1269
165
968
134
840
8382
89
167
728
1432
7209
813
258
222
914
7419
1317
147
6068
187
141
79
5925
820
841
953
939
1508
1239
11176
800
77
893
657
806
808
994
46
199
1557
829
890
721
774
962
986
225
932
757
1322
13659
614
5136
870
1721
872
924
726
6048
892
802
170
5406
790
3912
902
794
850
819
10769
941
11049
170
186
933
821
825
171
826
730
4988
122
659
1191
1378
4252
119
605
3961
12693
30
76
727
1017
136
95
813
917
878
825
948
1250
58
853
1093
720
1401
754
834
949
1172
27
11153
174
8878
788
87
163
110
7908
-40
1272
4761
89
709
876
908
7863
684
1165
954
831
1157
957
853
1247
936
975
60
-31
765
1169
5885
1425
1315
108
4160
10374
781
839
1257
6166
662
993
748
5404
48
195
6402
154
1229
12451
76
1498
693
785
663
24
999
7717
920
95
834
-77
735
911
120
116
64
2533
99
10242
173
136
6146
58
73
140
928
4954
1114
1141
776
174
765
130
729
939
744
135
24
125
3128
1358
875
154
698
6126
6759
1541
163
705
844
807
875
35
1248
4493
1565
571
4015
12440
7001
6573
90
923
457
5500
183
11252
643
89
762
1138
7745
1541
961
158
813
7860
5
766
4024
651
845
105
780
938
722
890
40
1577
1362
825
913
258
33
1257
887
115
1
1019
829
15
1334
890
793
143
858
718
87
43
716
977
11551
650
115
1216
921
5406
6322
3774
775
1350
6993
12165
-2
1151
874
-20
7127
113
1308
891
66
131
705
180
8199
143
6362
68
119
1126
783
671
1114
121
697
879
5784
94
814
889
7974
6180
994
615
4029
870
161
1169
934
616
878
118
712
5133
806
4187
869
5265
141
922
2
123
971
906
729
854
967
1208
1239
1120
9779
6449
696
7450
878
744
146
796
217
169
7127
818
792
76
860
610
746
891
998
4151
4116
827
48
46
14
110
6815
182
794
1068
1263
842
933
919
7449
34
46
1394
9598
1468
-10
1428
11880
1329
226
718
502
781
62
699
1245
933
7835
5800
11775
11311
1237
7285
94
904
166
33
806
71
926
116
90
172
1084
95
942
702
808
8199
175
997
115
113
676
774
787
10537
1105
1250
738
830
899
745
747
761
750
1264
26
11507
1067
-47
836
1093
84
1043
708
3214
880
4219
12
843
748
63
1084
8702
706
688
999
1171
920
706
127
1185
123
1194
5862
147
83
851
5609
3848
1346
669
4817
1562
830
898
891
100
996
174
8076
1396
848
103
915
837
888
754
759
1245
1388
789
677
834
957
10114
864
2875
4933
240
4365
827
637
960
803
113
11409
811
24
8327
7324
151
6614
886
784
126
969
146
890
1048
867
708
829
754
976
6031
98
-40
8655
32
90
10573
683
707
933
814
908
35
4798
785
58
975
723
8255
860
68
904
635
892
1167
866
811
1365
714
760
796
164
741
6131
131
8790
53
172
820
10123
7022
8716
815
207
160
117
990
118
899
4978
168
802
43
125
1049
9
208
117
917
877
1234
10516
1327
1018
843
135
8034
913
248
3798
77
8807
920
783
189
22
176
766
1100
171
893
158
895
99
200
644
1268
937
7319
798
797
1095
125
1009
727
6951
920
130
1087
144
824
1274
885
129
8281
827
-37
850
564
148
903
1480
787
4478
633
829
721
943
882
865
70
949
8030
866
84
1140
1355
948
184
925
176
740
1220
6139
871
1434
1301
121
889
387
116
909
928
10088
993
10
794
59
945
1112
207
12520
891
117
168
8553
1144
6984
863
812
119
1025
261
897
1150
215
531
140
8603
1035
846
19
956
976
786
105
106
161
1453
5173
854
825
9735
169
160
1126
86
924
828
704
1015
7686
728
111
200
16
899
8843
146
-69
855
1226
6548
1220
774
744
12316
4753
942
1203
172
763
1260
194
8160
1044
4036
102
100
776
1531
912
806
145
914
861
802
686
3939
4788
812
13002
930
815
60
872
48
1134
854
8323
837
3666
1569
842
7546
505
940
764
746
894
61
1285
889
11334
906
883
1168
1082
1466
803
800
791
760
1073
713
11915
1168
1504
-1
853
5847
924
10439
83
747
695
1422
200
7126
832
119
45
968
2933
5175
813
140
820
772
942
839
3
7948
5925
118
5789
121
86
863
814
8543
11510
90
174
730
1154
583
436
153
783
1103
112
785
902
12707
1293
152
1037
205
906
166
813
117
125
58
1228
105
4782
156
4643
19
13592
881
888
131
1268
851
749
1376
12683
915
1045
959
888
817
11591
873
8056
1142
912
218
9917
97
740
863
190
6280
943
835
1029
1114
9585
157
5400
977
812
924
1033
777
3871
242
820
6146
147
1500
56
147
203
1063
11908
930
1573
1459
5216
162
704
788
47
150
713
745
14
939
163
161
1331
904
1343
1113
-46
93
768
741
10661
7
941
754
209
34
12154
171
779
142
799
121
7254
10474
895
745
1304
11158
810
937
12635
71
30
838
79
880
6974
1151
155
829
5094
891
855
726
168
774
71
690
1148
842
1230
13418
895
977
727
783
155
4542
788
880
633
819
7048
1519
812
622
114
98
8623
211
1032
11217
662
1071
1154
949
120
784
139
7353
716
0
788
202
49
745
161
946
92
67
794
221
876
1029
928
1169
138
13950
1390
139
484
123
6319
848
211
1186
700
928
8471
2946
10040
11758
759
848
4918
11580
11047
223
68
97
772
7872
992
874
815
708
1022
1130
133
6647
956
85
6014
825
1371
1180
5524
727
7243
119
47
512
66
9811
6398
164
988
8635
-49
8215
622
2
779
857
830
179
9337
919
1048
1036
894
1452
83
790
110
76
66
845
6042
147
775
842
129
725
37
826
6910
156
737
918
9628
64
11233
199
4981
781
125
1349
868
8540
925
-28
683
764
12299
9848
842
854
836
6906
132
851
814
812
1277
803
1236
700
918
254
916
809
765
1481
12229
7521
681
1516
738
-11
862
1047
777
1372
1227
24
822
5920
854
982
142
122
874
864
742
849
1293
130
92
826
911
111
10959
827
750
4731
1091
1091
7142
725
101
107
1421
161
1501
3666
160
816
1347
852
1137
83
905
792
878
6696
150
126
728
1329
887
868
993
992
167
34
102
121
85
7391
11795
845
23
804
671
1370
739
193
828
159
673
11136
4071
1582
3149
1173
769
2683
1297
9332
808
756
897
788
967
783
912
800
1086
810
723
123
116
837
1141
702
918
1403
806
882
737
841
1313
783
949
950
799
153
16
670
779
938
1448
137
1364
823
736
1431
878
14
-6
1384
727
47
67
163
791
623
748
820
109
820
1229
808
5869
39
17
849
827
1296
197
830
104
1117
154
6753
1241
48
1011
110
1352
884
12
772
203
905
1325
571
768
104
1108
4038
915
825
692
3349
49
150
792
5304
960
931
788
687
834
835
8687
855
839
792
3991
758
851
1084
160
892
81
858
787
710
50
4727
132
6598
4453
6
773
134
62
3844
793
1312
1565
793
739
765
4647
12390
98
865
8241
242
894
917
1112
863
918
749
36
877
902
2731
1100
1162
824
744
96
827
104
94
750
906
663
4834
1019
49
902
1423
823
67
1484
1089
186
4529
813
7208
709
1470
1054
84
888
211
88
136
729
907
1180
8052
203
263
821
36
868
90
11190
188
665
784
960
10342
-21
77
12811
4531
10283
907
888
820
716
702
736
145
788
62
697
1287
63
871
926
12947
854
812
895
717
166
1172
1326
48
1447
11955
800
191
-26
894
5033
758
800
108
7894
1344
197
834
249
244
9514
9457
879
107
883
198
663
3517
857
5851
933
862
941
829
774
952
31
985
557
63
854
4188
112
36
5131
7096
1464
9027
872
53
5937
676
76
706
814
1260
0
649
5347
148
808
8560
146
813
1103
1469
986
893
1030
1516
-36
1159
1049
847
654
735
160
981
12217
185
1053
950
100
759
814
190
130
168
253
879
94
102
733
113
4263
951
755
915
730
2589
218
959
37
68
684
142
760
9593
155
1565
775
109
209
648
9991
189
793
808
100
193
171
891
35
870
697
7620
31
94
1419
124
802
1481
3
3038
11303
1126
802
706
239
11207
6076
107
930
778
4141
1525
223
834
36
6003
73
212
813
1449
760
7414
971
4033
1193
1113
840
1481
6053
1119
1038
97
116
923
795
777
775
810
1069
-15
8408
27
7496
189
886
776
11
1708
847
7542
945
871
112
581
746
922
10190
1377
90
937
11038
799
1288
1404
-8
794
665
98
925
802
829
956
3651
889
1419
894
12091
766
13776
929
104
10322
1153
698
783
703
1460
670
177
898
848
5971
1461
1149
735
722
1406
814
731
1251
767
243
94
179
957
176
1544
712
835
807
808
810
906
10483
136
826
7045
825
1228
6787
96
9036
850
1454
882
190
108
1072
5920
885
153
146
161
270
844
10225
966
177
11290
1347
923
1179
807
732
12463
890
100
207
7706
926
1110
7003
653
879
978
1071
68
817
940
1472
897
118
50
11034
1064
805
128
36
871
1011
175
125
181
64
13
142
851
954
161
1133
941
-83
1011
748
128
998
1022
72
241
892
999
133
81
829
94
183
809
735
722
857
1241
11614
11729
-2
179
3999
10169
11727
1102
937
6724
11266
5841
976
805
254
208
1047
775
693
919
224
224
856
657
94
1011
151
4088
129
3173
1032
1083
792
1338
157
15
747
10684
1391
891
56
894
647
762
86
1418
13929
1216
875
300
1291
5622
964
751
2714
755
1301
917
55
932
865
1362
1345
12539
10998
1145
260
965
872
3875
4601
1481
1127
37
257
4192
177
937
6457
129
773
1249
1319
1261
1358
247
772
731
11147
754
9643
144
776
736
898
251
1149
772
1327
5164
1019
678
-25
8258
703
814
10
8184
805
159
1229
1205
1269
774
872
830
1228
913
757
920
841
1344
382
880
641
-28
901
953
756
135
9602
1063
137
689
777
798
-23
93
1147
9996
701
183
137
768
8991
171
164
1282
1350
816
7134
1131
155
805
748
825
916
860
166
5663
7407
788
699
780
1195
1361
5744
735
8710
166
8093
7310
1154
724
736
74
8013
4763
854
5655
729
779
4
834
802
895
774
793
42
670
912
853
1132
1365
131
766
917
10724
1142
927
122
1346
865
826
14005
121
892
113
717
581
622
713
1430
792
120
1414
736
5051
11
23
130
743
27
896
839
1100
6135
1515
8222
130
190
890
765
870
59
8319
4253
1363
12313
858
12086
239
3403
781
254
201
-7
91
128
849
151
241
137
752
729
216
3183
6372
176
1144
90
1124
9249
1265
50
878
731
1014
793
739
1390
925
6862
830
746
807
990
139
223
4128
890
899
95
1128
1184
861
772
741
889
831
3585
170
795
5362
841
115
770
44
123
805
768
638
191
991
761
1369
6220
79
156
126
118
935
698
9223
843
829
910
617
11426
49
50
149
13499
5
619
1275
91
859
1278
416
835
5234
9293
5960
725
1330
7700
844
104
60
784
198
108
81
10
1539
749
857
806
80
918
881
1474
818
705
1560
11403
1171
744
792
12840
846
906
12452
766
9626
785
754
735
760
792
1412
4469
1376
1345
1213
151
4419
893
744
757
4185
736
6390
642
912
1018
1316
184
4646
8997
3592
769
12375
10891
4280
178
12081
66
124
825
716
818
1247
1260
898
680
1344
1234
2510
1242
1249
61
0
1589
962
12323
826
6
1008
708
126
-18
134
256
837
1478
65
94
805
1078
98
846
-3
3262
131
940
851
213
811
-7
5656
990
874
7144
1388
5007
269
750
881
71
6452
128
6016
885
167
199
943
78
1120
843
20
19
842
919
2723
680
4549
815
830
722
8466
1302
132
3470
1124
77
264
835
1163
917
87
6774
12839
904
12116
1226
10788
814
380
581
842
1063
98
159
13386
1202
63
967
94
880
960
702
8275
98
841
62
742
695
8820
989
9094
945
665
901
13823
1377
10262
146
4654
99
8484
142
10632
884
990
1173
73
986
1244
1297
168
792
164
1385
901
870
72
180
919
736
685
54
886
879
83
247
20
983
629
1174
837
783
921
11918
1007
6920
1323
785
145
973
855
821
1022
6088
1589
160
12048
1440
43
43
1082
9943
1419
51
5992
145
1426
71
135
276
5738
37
105
83
140
13981
6881
125
1269
10016
165
64
24
212
59
1437
295
50
892
38
216
85
211
134
155
31
10937
113
1008
1266
4721
220
153
6627
820
9550
790
4727
10116
199
106
8917
6535
132
207
1411
146
95
118
1203
1052
144
1071
57
-30
219
6270
3268
1005
142
70
1467
220
747
3599
47
12793
284
7819
4316
1386
94
7009
5360
184
1300
11514
22
1028
6188
10535
1413
197
157
10916
125
1201
123
115
11908
100
217
-62
3723
100
93
4936
66
9
7794
107
9688
1289
13661
72
1362
226
7199
91
9022
25
1581
89
9292
110
1297
4322
197
1496
165
1637
1610
10435
1582
1402
1360
10407
10318
5656
125
253
58
4977
31
90
1224
1210
936
127
5353
7981
171
7326
6250
5560
20
52
174
1475
1559
4283
196
161
10
56
1352
34
247
167
114
46
147
108
56
103
213
12
100
7044
28
1139
162
121
10580
177
852
171
858
14068
-33
823
7652
1068
1096
124
120
10410
878
4007
1380
60
41
146
6739
1656
1400
12881
1025
104
12  