5761
149
9886
1379
6194
137
1319
5513
95
1025
7771
4128
82
83
13255
88
133
8205
5917
81
120
36
12719
6688
10210
51
1549
100
94
132
7162
1365
6726
189
12942
10153
1610
180
196
5776
127
112
92
1088
3679
11607
4920
887
7368
7714
166
127
101
1094
1201
14233
194
9744
9446
9119
9598
196
1356
8030
143
8675
191
77
1326
1437
103
105
4696
192
-32
3721
93
72
1362
1132
174
1587
153
1268
5136
169
133
946
174
236
3284
207
6775
53
14748
210
207
7785
13372
142
5761
149
9886
1379
6194
137
1319
5513
95
1025
7771
4128
82
83
13255
88
133
8205
5917
81
120
36
12719
6688
10210
51
1549
100
94
132
7162
1365
6726
189
12942
10153
1610
180
196
5776
127
112
92
1088
3679
11607
4920
887
7368
7714
166
127
101
1094
1201
14233
194
9744
9446
9119
9598
196
1356
8030
143
8675
191
77
1326
1437
103
105
4696
192
-32
3721
93
72
1362
1132
174
1587
153
1268
5136
169
133
946
174
236
3284
207
6775
53
14748
210
207
7785
13372
142
5761
149
9886
1379
6194
137
1319
5513
95
1025
7771
4128
82
83
13255
88
133
8205
5917
81
120
36
12719
6688
10210
51
1549
100
94
132
7162
1365
6726
189
12942
10153
1610
180
196
5776
127
112
92
1088
3679
11607
4920
887
7368
7714
166
127
101
1094
1201
14233
194
9744
9446
9119
9598
196
1356
8030
143
8675
191
77
1326
1437
103
105
4696
192
-32
3721
93
72
1362
1132
174
1587
153
1268
5136
169
133
946
174
236
3284
207
6775
53
14748
210
207
7785
13372
142
5761
149
9886
1379
6194
137
1319
5513
95
1025
7771
4128
82
83
13255
88
133
8205
5917
81
120
36
12719
6688
10210
51
1549
100
94
132
7162
1365
6726
189
12942
10153
1610
180
196
5776
127
112
92
1088
3679
11607
4920
887
7368
7714
166
127
101
1094
1201
14233
194
9744
9446
9119
9598
196
1356
8030
143
8675
191
77
1326
1437
103
105
4696
192
-32
3721
93
72
1362
1132
174
1587
153
1268
5136
169
133
946
174
236
3284
207
6775
53
14748
210
207
7785
13372
142
5761
149
9886
1379
6194
137
1319
5513
95
1025
7771
4128
82
83
13255
88
133
8205
5917
81
120
36
12719
6688
10210
51
1549
100
94
132
7162
1365
6726
189
12942
10153
1610
180
196
5776
127
112
92
1088
3679
11607
4920
887
7368
7714
166
127
101
1094
1201
14233
194
9744
9446
9119
9598
196
1356
8030
143
8675
191
77
1326
1437
103
105
4696
192
-32
3721
93
72
1362
1132
174
1587
153
1268
5136
169
133
946
174
236
3284
207
6775
53
14748
210
207
7785
13372
142
5761
149
9886
1379
6194
137
1319
5513
95
1025
7771
4128
82
83
13255
88
133
8205
5917
81
120
36
12719
6688
10210
51
1549
100
94
132
7162
1365
6726
189
12942
10153
1610
180
196
5776
127
112
92
1088
3679
11607
4920
887
7368
7714
166
127
101
1094
1201
14233
194
9744
9446
9119
9598
196
1356
8030
143
8675
191
77
1326
1437
103
105
4696
192
-32
3721
93
72
1362
1132
174
1587
153
1268
5136
169
133
946
174
236
3284
207
6775
53
14748
210
207
7785
13372
142
5761
149
9886
1379
6194
137
1319
5513
95
1025
7771
4128
82
83
13255
88
133
8205
5917
81
120
36
12719
6688
10210
51
1549
100
94
132
7162
1365
6726
189
12942
10153
1610
180
196
5776
127
112
92
1088
3679
11607
4920
887
7368
7714
166
127
101
1094
1201
14233
194
9744
9446
9119
9598
196
1356
8030
143
8675
191
77
1326
1437
103
105
4696
192
-32
3721
93
72
1362
1132
174
1587
153
1268
5136
169
133
946
174
236
3284
207
6775
53
14748
210
207
7785
13372
142
5761
149
9886
1379
6194
137
1319
5513
95
1025
7771
4128
82
83
13255
88
133
8205
5917
81
120
36
12719
6688
10210
51
1549
100
94
132
7162
1365
6726
189
12942
10153
1610
180
196
5776
127
112
92
1088
3679
11607
4920
887
7368
7714
166
127
101
1094
1201
14233
194
9744
9446
9119
9598
196
1356
8030
143
8675
191
77
1326
1437
103
105
4696
192
-32
3721
93
72
1362
1132
174
1587
153
1268
5136
169
133
946
174
236
3284
207
6775
53
14748
210
207
7785
13372
142
5761
149
9886
1379
6194
137
1319
5513
95
1025
7771
4128
82
83
13255
88
133
8205
5917
81
120
36
12719
6688
10210
51
1549
100
94
132
7162
1365
6726
189
12942
10153
1610
180
196
5776
127
112
92
1088
3679
11607
4920
887
7368
7714
166
127
101
1094
1201
14233
194
9744
9446
9119
9598
196
1356
8030
143
8675
191
77
1326
1437
103
105
4696
192
-32
3721
93
72
1362
1132
174
1587
153
1268
5136
169
133
946
174
236
3284
207
6775
53
14748
210
207
7785
13372
142
5761
149
9886
1379
6194
137
1319
5513
95
1025
7771
4128
82
83
13255
88
133
8205
5917
81
120
36
12719
6688
10210
51
1549
100
94
132
7162
1365
6726
189
12942
10153
1610
180
196
5776
127
112
92
1088
3679
11607
4920
887
7368
7714
166
127
101
1094
1201
14233
194
9744
9446
9119
9598
196
1356
8030
143
8675
191
77
1326
1437
103
105
4696
192
-32
3721
93
72
1362
1132
174
1587
153
1268
5136
169
133
946
174
236
3284
207
6775
53
14748
210
207
7785
13372
142
5761
149
9886
1379
6194
137
1319
5513
95
1025
7771
4128
82
83
13255
88
133
8205
5917
81
120
36
12719
6688
10210
51
1549
100
94
132
7162
1365
6726
189
12942
10153
1610
180
196
5776
127
112
92
1088
3679
11607
4920
887
7368
7714
166
127
101
1094
1201
14233
194
9744
9446
9119
9598
196
1356
8030
143
8675
191
77
1326
1437
103
105
4696
192
-32
3721
93
72
1362
1132
174
1587
153
1268
5136
169
133
946
174
236
3284
207
6775
53
14748
210
207
7785
13372
142
5761
149
9886
1379
6194
137
1319
5513
95
1025
7771
4128
82
83
13255
88
133
8205
5917
81
120
36
12719
6688
10210
51
1549
100
94
132
7162
1365
6726
189
12942
10153
1610
180
196
5776
127
112
92
1088
3679
11607
4920
887
7368
7714
166
127
101
1094
1201
14233
194
9744
9446
9119
9598
196
1356
8030
143
8675
191
77
1326
1437
103
105
4696
192
-32
3721
93
72
1362
1132
174
1587
153
1268
5136
169
133
946
174
236
3284
207
6775
53
14748
210
207
7785
13372
142
5761
149
9886
1379
6194
137
1319
5513
95
1025
7771
4128
82
83
13255
88
133
8205
5917
81
120
36
12719
6688
10210
51
1549
100
94
132
7162
1365
6726
189
12942
10153
1610
180
196
5776
127
112
92
1088
3679
11607
4920
887
7368
7714
166
127
101
1094
1201
14233
194
9744
9446
9119
9598
196
1356
8030
143
8675
191
77
1326
1437
103
105
4696
192
-32
3721
93
72
1362
1132
174
1587
153
1268
5136
169
133
946
174
236
3284
207
6775
53
14748
210
207
7785
13372
142
5761
149
9886
1379
6194
137
1319
5513
95
1025
7771
4128
82
83
13255
88
133
8205
5917
81
120
36
12719
6688
10210
51
1549
100
94
132
7162
1365
6726
189
12942
10153
1610
180
196
5776
127
112
92
1088
3679
11607
4920
887
7368
7714
166
127
101
1094
1201
14233
194
9744
9446
9119
9598
196
1356
8030
143
8675
191
77
1326
1437
103
105
4696
192
-32
3721
93
72
1362
1132
174
1587
153
1268
5136
169
133
946
174
236
3284
207
6775
53
14748
210
207
7785
13372
142
5761
149
9886
1379
6194
137
1319
5513
95
1025
7771
4128
82
83
13255
88
133
8205
5917
81
120
36
12719
6688
10210
51
1549
100
94
132
7162
1365
6726
189
12942
10153
1610
180
196
5776
127
112
92
1088
3679
11607
4920
887
7368
7714
166
127
101
1094
1201
14233
194
9744
9446
9119
9598
196
1356
8030
143
8675
191
77
1326
1437
103
105
4696
192
-32
3721
93
72
1362
1132
174
1587
153
1268
5136
169
133
946
174
236
3284
207
6775
53
14748
210
207
7785
13372
142
5761
149
9886
1379
6194
137
1319
5513
95
1025
7771
4128
82
83
13255
88
133
8205
5917
81
120
36
12719
6688
10210
51
1549
100
94
132
7162
1365
6726
189
12942
10153
1610
180
196
5776
127
112
92
1088
3679
11607
4920
887
7368
7714
166
127
101
1094
1201
14233
194
9744
9446
9119
9598
196
1356
8030
143
8675
191
77
1326
1437
103
105
4696
192
-32
3721
93
72
1362
1132
174
1587
153
1268
5136
169
133
946
174
236
3284
207
6775
53
14748
210
207
7785
13372
142
5761
149
9886
1379
6194
137
1319
5513
95
1025
7771
4128
82
83
13255
88
133
8205
5917
81
120
36
12719
6688
10210
51
1549
100
94
132
7162
1365
6726
189
12942
10153
1610
180
196
5776
127
112
92
1088
3679
11607
4920
887
7368
7714
166
127
101
1094
1201
14233
194
9744
9446
9119
9598
196
1356
8030
143
8675
191
77
1326
1437
103
105
4696
192
-32
3721
93
72
1362
1132
174
1587
153
1268
5136
169
133
946
174
236
3284
207
6775
53
14748
210
207
7785
13372
142
5761
149
9886
1379
6194
137
1319
5513
95
1025
7771
4128
82
83
13255
88
133
8205
5917
81
120
36
12719
6688
10210
51
1549
100
94
132
7162
1365
6726
189
12942
10153
1610
180
196
5776
127
112
92
1088
3679
11607
4920
887
7368
7714
166
127
101
1094
1201
14233
194
9744
9446
9119
9598
196
1356
8030
143
8675
191
77
1326
1437
103
105
4696
192
-32
3721
93
72
1362
1132
174
1587
153
1268
5136
169
133
946
174
236
3284
207
6775
53
14748
210
207
7785
13372
142
5761
149
9886
1379
6194
137
1319
5513
95
1025
7771
4128
82
83
13255
88
133
8205
5917
81
120
36
12719
6688
10210
51
1549
100
94
132
7162
1365
6726
189
12942
10153
1610
180
196
5776
127
112
92
1088
3679
11607
4920
887
7368
7714
166
127
101
1094
1201
14233
194
9744
9446
9119
9598
196
1356
8030
143
8675
191
77
1326
1437
103
105
4696
192
-32
3721
93
72
1362
1132
174
1587
153
1268
5136
169
133
946
174
236
3284
207
6775
53
14748
210
207
7785
13372
142
5761
149
9886
1379
6194
137
1319
5513
95
1025
7771
4128
82
83
13255
88
133
8205
5917
81
120
36
12719
6688
10210
51
1549
100
94
132
7162
1365
6726
189
12942
10153
1610
180
196
5776
127
112
92
1088
3679
11607
4920
887
7368
7714
166
127
101
1094
1201
14233
194
9744
9446
9119
9598
196
1356
8030
143
8675
191
77
1326
1437
103
105
4696
192
-32
3721
93
72
1362
1132
174
1587
153
1268
5136
169
133
946
174
236
3284
207
6775
53
14748
210
207
7785
13372
142
5761
149
9886
1379
6194
137
1319
5513
95
1025
7771
4128
82
83
13255
88
133
8205
5917
81
120
36
12719
6688
10210
51
1549
100
94
132
7162
1365
6726
189
12942
10153
1610
180
196
5776
127
112
92
1088
3679
11607
4920
887
7368
7714
166
127
101
1094
1201
14233
194
9744
9446
9119
9598
196
1356
8030
143
8675
191
77
1326
1437
103
105
4696
192
-32
3721
93
72
1362
1132
174
1587
153
1268
5136
169
133
946
174
236
3284
207
6775
53
14748
210
207
7785
13372
142
5761
149
9886
1379
6194
137
1319
5513
95
1025
7771
4128
82
83
13255
88
133
8205
5917
81
120
36
12719
6688
10210
51
1549
100
94
132
7162
1365
6726
189
12942
10153
1610
180
196
5776
127
112
92
1088
3679
11607
4920
887
7368
7714
166
127
101
1094
1201
14233
194
9744
9446
9119
9598
196
1356
8030
143
8675
191
77
1326
1437
103
105
4696
192
-32
3721
93
72
1362
1132
174
1587
153
1268
5136
169
133
946
174
236
3284
207
6775
53
14748
210
207
7785
13372
142
5761
149
9886
1379
6194
137
1319
5513
95
1025
7771
4128
82
83
13255
88
133
8205
5917
81
120
36
12719
6688
10210
51
1549
100
94
132
7162
1365
6726
189
12942
10153
1610
180
196
5776
127
112
92
1088
3679
11607
4920
887
7368
7714
166
127
101
1094
1201
14233
194
9744
9446
9119
9598
196
1356
8030
143
8675
191
77
1326
1437
103
105
4696
192
-32
3721
93
72
1362
1132
174
1587
153
1268
5136
169
133
946
174
236
3284
207
6775
53
14748
210
207
7785
13372
142
5761
149
9886
1379
6194
137
1319
5513
95
1025
7771
4128
82
83
13255
88
133
8205
5917
81
120
36
12719
6688
10210
51
1549
100
94
132
7162
1365
6726
189
12942
10153
1610
180
196
5776
127
112
92
1088
3679
11607
4920
887
7368
7714
166
127
101
1094
1201
14233
194
9744
9446
9119
9598
196
1356
8030
143
8675
191
77
1326
1437
103
105
4696
192
-32
3721
93
72
1362
1132
174
1587
153
1268
5136
169
133
946
174
236
3284
207
6775
53
14748
210
207
7785
13372
142
5761
149
9886
1379
6194
137
1319
5513
95
1025
7771
4128
82
83
13255
88
133
8205
5917
81
120
36
12719
6688
10210
51
1549
100
94
132
7162
1365
6726
189
12942
10153
1610
180
196
5776
127
112
92
1088
3679
11607
4920
887
7368
7714
166
127
101
1094
1201
14233
194
9744
9446
9119
9598
196
1356
8030
143
8675
191
77
1326
1437
103
105
4696
192
-32
3721
93
72
1362
1132
174
1587
153
1268
5136
169
133
946
174
236
3284
207
6775
53
14748
210
207
7785
13372
142
5761
149
9886
1379
6194
137
1319
5513
95
1025
7771
4128
82
83
13255
88
133
8205
5917
81
120
36
12719
6688
10210
51
1549
100
94
132
7162
1365
6726
189
12942
10153
1610
180
196
5776
127
112
92
1088
3679
11607
4920
887
7368
7714
166
127
101
1094
1201
14233
194
9744
9446
9119
9598
196
1356
8030
143
8675
191
77
1326
1437
103
105
4696
192
-32
3721
93
72
1362
1132
174
1587
153
1268
5136
169
133
946
174
236
3284
207
6775
53
14748
210
207
7785
13372
142
5761
149
9886
1379
6194
137
1319
5513
95
1025
7771
4128
82
83
13255
88
133
8205
5917
81
120
36
12719
6688
10210
51
1549
100
94
132
7162
1365
6726
189
12942
10153
1610
180
196
5776
127
112
92
1088
3679
11607
4920
887
7368
7714
166
127
101
1094
1201
14233
194
9744
9446
9119
9598
196
1356
8030
143
8675
191
77
1326
1437
103
105
4696
192
-32
3721
93
72
1362
1132
174
1587
153
1268
5136
169
133
946
174
236
3284
207
6775
53
14748
210
207
7785
13372
142
5761
149
9886
1379
6194
137
1319
5513
95
1025
7771
4128
82
83
13255
88
133
8205
5917
81
120
36
12719
6688
10210
51
1549
100
94
132
7162
1365
6726
189
12942
10153
1610
180
196
5776
127
112
92
1088
3679
11607
4920
887
7368
7714
166
127
101
1094
1201
14233
194
9744
9446
9119
9598
196
1356
8030
143
8675
191
77
1326
1437
103
105
4696
192
-32
3721
93
72
1362
1132
174
1587
153
1268
5136
169
133
946
174
236
3284
207
6775
53
14748
210
207
7785
13372
142
5761
149
9886
1379
6194
137
1319
5513
95
1025
7771
4128
82
83
13255
88
133
8205
5917
81
120
36
12719
6688
10210
51
1549
100
94
132
7162
1365
6726
189
12942
10153
1610
180
196
5776
127
112
92
1088
3679
11607
4920
887
7368
7714
166
127
101
1094
1201
14233
194
9744
9446
9119
9598
196
1356
8030
143
8675
191
77
1326
1437
103
105
4696
192
-32
3721
93
72
1362
1132
174
1587
153
1268
5136
169
133
946
174
236
3284
207
6775
53
14748
210
207
7785
13372
142
5761
149
9886
1379
6194
137
1319
5513
95
1025
7771
4128
82
83
13255
88
133
8205
5917
81
120
36
12719
6688
10210
51
1549
100
94
132
7162
1365
6726
189
12942
10153
1610
180
196
5776
127
112
92
1088
3679
11607
4920
887
7368
7714
166
127
101
1094
1201
14233
194
9744
9446
9119
9598
196
1356
8030
143
8675
191
77
1326
1437
103
105
4696
192
-32
3721
93
72
1362
1132
174
1587
153
1268
5136
169
133
946
174
236
3284
207
6775
53
14748
210
207
7785
13372
142
5761
149
9886
1379
6194
137
1319
5513
95
1025
7771
4128
82
83
13255
88
133
8205
5917
81
120
36
12719
6688
10210
51
1549
100
94
132
7162
1365
6726
189
12942
10153
1610
180
196
5776
127
112
92
1088
3679
11607
4920
887
7368
7714
166
127
101
1094
1201
14233
194
9744
9446
9119
9598
196
1356
8030
143
8675
191
77
1326
1437
103
105
4696
192
-32
3721
93
72
1362
1132
174
1587
153
1268
5136
169
133
946
174
236
3284
207
6775
53
14748
210
207
7785
13372
142
5761
149
9886
1379
6194
137
1319
5513
95
1025
7771
4128
82
83
13255
88
133
8205
5917
81
120
36
12719
6688
10210
51
1549
100
94
132
7162
1365
6726
189
12942
10153
1610
180
196
5776
127
112
92
1088
3679
11607
4920
887
7368
7714
166
127
101
1094
1201
14233
194
9744
9446
9119
9598
196
1356
8030
143
8675
191
77
1326
1437
103
105
4696
192
-32
3721
93
72
1362
1132
174
1587
153
1268
5136
169
133
946
174
236
3284
207
6775
53
14748
210
207
7785
13372
142
5761
149
9886
1379
6194
137
1319
5513
95
1025
7771
4128
82
83
13255
88
133
8205
5917
81
120
36
12719
6688
10210
51
1549
100
94
132
7162
1365
6726
189
12942
10153
1610
180
196
5776
127
112
92
1088
3679
11607
4920
887
7368
7714
166
127
101
1094
1201
14233
194
9744
9446
9119
9598
196
1356
8030
143
8675
191
77
1326
1437
103
105
4696
192
-32
3721
93
72
1362
1132
174
1587
153
1268
5136
169
133
946
174
236
3284
207
6775
53
14748
210
207
7785
13372
142
5761
149
9886
1379
6194
137
1319
5513
95
1025
7771
4128
82
83
13255
88
133
8205
5917
81
120
36
12719
6688
10210
51
1549
100
94
132
7162
1365
6726
189
12942
10153
1610
180
196
5776
127
112
92
1088
3679
11607
4920
887
7368
7714
166
127
101
1094
1201
14233
194
9744
9446
9119
9598
196
1356
8030
143
8675
191
77
1326
1437
103
105
4696
192
-32
3721
93
72
1362
1132
174
1587
153
1268
5136
169
133
946
174
236
3284
207
6775
53
14748
210
207
7785
13372
142
5761
149
9886
1379
6194
137
1319
5513
95
1025
7771
4128
82
83
13255
88
133
8205
5917
81
120
36
12719
6688
10210
51
1549
100
94
132
7162
1365
6726
189
12942
10153
1610
180
196
5776
127
112
92
1088
3679
11607
4920
887
7368
7714
166
127
101
1094
1201
14233
194
9744
9446
9119
9598
196
1356
8030
143
8675
191
77
1326
1437
103
105
4696
192
-32
3721
93
72
1362
1132
174
1587
153
1268
5136
169
133
946
174
236
3284
207
6775
53
14748
210
207
7785
13372
142
5761
149
9886
1379
6194
137
1319
5513
95
1025
7771
4128
82
83
13255
88
133
8205
5917
81
120
36
12719
6688
10210
51
1549
100
94
132
7162
1365
6726
189
12942
10153
1610
180
196
5776
127
112
92
1088
3679
11607
4920
887
7368
7714
166
127
101
1094
1201
14233
194
9744
9446
9119
9598
196
1356
8030
143
8675
191
77
1326
1437
103
105
4696
192
-32
3721
93
72
1362
1132
174
1587
153
1268
5136
169
133
946
174
236
3284
207
6775
53
14748
210
207
7785
13372
142
5761
149
9886
1379
6194
137
1319
5513
95
1025
7771
4128
82
83
13255
88
133
8205
5917
81
120
36
12719
6688
10210
51
1549
100
94
132
7162
1365
6726
189
12942
10153
1610
180
196
5776
127
112
92
1088
3679
11607
4920
887
7368
7714
166
127
101
1094
1201
14233
194
9744
9446
9119
9598
196
1356
8030
143
8675
191
77
1326
1437
103
105
4696
192
-32
3721
93
72
1362
1132
174
1587
153
1268
5136
169
133
946
174
236
3284
207
6775
53
14748
210
207
7785
13372
142
5761
149
9886
1379
6194
137
1319
5513
95
1025
7771
4128
82
83
13255
88
133
8205
5917
81
120
36
12719
6688
10210
51
1549
100
94
132
7162
1365
6726
189
12942
10153
1610
180
196
5776
127
112
92
1088
3679
11607
4920
887
7368
7714
166
127
101
1094
1201
14233
194
9744
9446
9119
9598
196
1356
8030
143
8675
191
77
1326
1437
103
105
4696
192
-32
3721
93
72
1362
1132
174
1587
153
1268
5136
169
133
946
174
236
3284
207
6775
53
14748
210
207
7785
13372
142
5761
149
9886
1379
6194
137
1319
5513
95
1025
7771
4128
82
83
13255
88
133
8205
5917
81
120
36
12719
6688
10210
51
1549
100
94
132
7162
1365
6726
189
12942
10153
1610
180
196
5776
127
112
92
1088
3679
11607
4920
887
7368
7714
166
127
101
1094
1201
14233
194
9744
9446
9119
9598
196
1356
8030
143
8675
191
77
1326
1437
103
105
4696
192
-32
3721
93
72
1362
1132
174
1587
153
1268
5136
169
133
946
174
236
3284
207
6775
53
14748
210
207
7785
13372
142
5761
149
9886
1379
6194
137
1319
5513
95
1025
7771
4128
82
83
13255
88
133
8205
5917
81
120
36
12719
6688
10210
51
1549
100
94
132
7162
1365
6726
189
12942
10153
1610
180
196
5776
127
112
92
1088
3679
11607
4920
887
7368
7714
166
127
101
1094
1201
14233
194
9744
9446
9119
9598
196
1356
8030
143
8675
191
77
1326
1437
103
105
4696
192
-32
3721
93
72
1362
1132
174
1587
153
1268
5136
169
133
946
174
236
3284
207
6775
53
14748
210
207
7785
13372
142
5761
149
9886
1379
6194
137
1319
5513
95
1025
7771
4128
82
83
13255
88
133
8205
5917
81
120
36
12719
6688
10210
51
1549
100
94
132
7162
1365
6726
189
12942
10153
1610
180
196
5776
127
112
92
1088
3679
11607
4920
887
7368
7714
166
127
101
1094
1201
14233
194
9744
9446
9119
9598
196
1356
8030
143
8675
191
77
1326
1437
103
105
4696
192
-32
3721
93
72
1362
1132
174
1587
153
1268
5136
169
133
946
174
236
3284
207
6775
53
14748
210
207
7785
13372
142
5761
149
9886
1379
6194
137
1319
5513
95
1025
7771
4128
82
83
13255
88
133
8205
5917
81
120
36
12719
6688
10210
51
1549
100
94
132
7162
1365
6726
189
12942
10153
1610
180
196
5776
127
112
92
1088
3679
11607
4920
887
7368
7714
166
127
101
1094
1201
14233
194
9744
9446
9119
9598
196
1356
8030
143
8675
191
77
1326
1437
103
105
4696
192
-32
3721
93
72
1362
1132
174
1587
153
1268
5136
169
133
946
174
236
3284
207
6775
53
14748
210
207
7785
13372
142
5761
149
9886
1379
6194
137
1319
5513
95
1025
7771
4128
82
83
13255
88
133
8205
5917
81
120
36
12719
6688
10210
51
1549
100
94
132
7162
1365
6726
189
12942
10153
1610
180
196
5776
127
112
92
1088
3679
11607
4920
887
7368
7714
166
127
101
1094
1201
14233
194
9744
9446
9119
9598
196
1356
8030
143
8675
191
77
1326
1437
103
105
4696
192
-32
3721
93
72
1362
1132
174
1587
153
1268
5136
169
133
946
174
236
3284
207
6775
53
14748
210
207
7785
13372
142
5761
149
9886
1379
6194
137
1319
5513
95
1025
7771
4128
82
83
13255
88
133
8205
5917
81
120
36
12719
6688
10210
51
1549
100
94
132
7162
1365
6726
189
12942
10153
1610
180
196
5776
127
112
92
1088
3679
11607
4920
887
7368
7714
166
127
101
1094
1201
14233
194
9744
9446
9119
9598
196
1356
8030
143
8675
191
77
1326
1437
103
105
4696
192
-32
3721
93
72
1362
1132
174
1587
153
1268
5136
169
133
946
174
236
3284
207
6775
53
14748
210
207
7785
13372
142
5761
149
9886
1379
6194
137
1319
5513
95
1025
7771
4128
82
83
13255
88
133
8205
5917
81
120
36
12719
6688
10210
51
1549
100
94
132
7162
1365
6726
189
12942
10153
1610
180
196
5776
127
112
92
1088
3679
11607
4920
887
7368
7714
166
127
101
1094
1201
14233
194
9744
9446
9119
9598
196
1356
8030
143
8675
191
77
1326
1437
103
105
4696
192
-32
3721
93
72
1362
1132
174
1587
153
1268
5136
169
133
946
174
236
3284
207
6775
53
14748
210
207
7785
13372
142
5761
149
9886
1379
6194
137
1319
5513
95
1025
7771
4128
82
83
13255
88
133
8205
5917
81
120
36
12719
6688
10210
51
1549
100
94
132
7162
1365
6726
189
12942
10153
1610
180
196
5776
127
112
92
1088
3679
11607
4920
887
7368
7714
166
127
101
1094
1201
14233
194
9744
9446
9119
9598
196
1356
8030
143
8675
191
77
1326
1437
103
105
4696
192
-32
3721
93
72
1362
1132
174
1587
153
1268
5136
169
133
946
174
236
3284
207
6775
53
14748
210
207
7785
13372
142
5761
149
9886
1379
6194
137
1319
5513
95
1025
7771
4128
82
83
13255
88
133
8205
5917
81
120
36
12719
6688
10210
51
1549
100
94
132
7162
1365
6726
189
12942
10153
1610
180
196
5776
127
112
92
1088
3679
11607
4920
887
7368
7714
166
127
101
1094
1201
14233
194
9744
9446
9119
9598
196
1356
8030
143
8675
191
77
1326
1437
103
105
4696
192
-32
3721
93
72
1362
1132
174
1587
153
1268
5136
169
133
946
174
236
3284
207
6775
53
14748
210
207
7785
13372
142
5761
149
9886
1379
6194
137
1319
5513
95
1025
7771
4128
82
83
13255
88
133
8205
5917
81
120
36
12719
6688
10210
51
1549
100
94
132
7162
1365
6726
189
12942
10153
1610
180
196
5776
127
112
92
1088
3679
11607
4920
887
7368
7714
166
127
101
1094
1201
14233
194
9744
9446
9119
9598
196
1356
8030
143
8675
191
77
1326
1437
103
105
4696
192
-32
3721
93
72
1362
1132
174
1587
153
1268
5136
169
133
946
174
236
3284
207
6775
53
14748
210
207
7785
13372
142
5761
149
9886
1379
6194
137
1319
5513
95
1025
7771
4128
82
83
13255
88
133
8205
5917
81
120
36
12719
6688
10210
51
1549
100
94
132
7162
1365
6726
189
12942
10153
1610
180
196
5776
127
112
92
1088
3679
11607
4920
887
7368
7714
166
127
101
1094
1201
14233
194
9744
9446
9119
9598
196
1356
8030
143
8675
191
77
1326
1437
103
105
4696
192
-32
3721
93
72
1362
1132
174
1587
153
1268
5136
169
133
946
174
236
3284
207
6775
53
14748
210
207
7785
13372
142
5761
149
9886
1379
6194
137
1319
5513
95
1025
7771
4128
82
83
13255
88
133
8205
5917
81
120
36
12719
6688
10210
51
1549
100
94
132
7162
1365
6726
189
12942
10153
1610
180
196
5776
127
112
92
1088
3679
11607
4920
887
7368
7714
166
127
101
1094
1201
14233
194
9744
9446
9119
9598
196
1356
8030
143
8675
191
77
1326
1437
103
105
4696
192
-32
3721
93
72
1362
1132
174
1587
153
1268
5136
169
133
946
174
236
3284
207
6775
53
14748
210
207
7785
13372
142
5761
149
9886
1379
6194
137
1319
5513
95
1025
7771
4128
82
83
13255
88
133
8205
5917
81
120
36
12719
6688
10210
51
1549
100
94
132
7162
1365
6726
189
12942
10153
1610
180
196
5776
127
112
92
1088
3679
11607
4920
887
7368
7714
166
127
101
1094
1201
14233
194
9744
9446
9119
9598
196
1356
8030
143
8675
191
77
1326
1437
103
105
4696
192
-32
3721
93
72
1362
1132
174
1587
153
1268
5136
169
133
946
174
236
3284
207
6775
53
14748
210
207
7785
13372
142
5761
149
9886
1379
6194
137
1319
5513
95
1025
7771
4128
82
83
13255
88
133
8205
5917
81
120
36
12719
6688
10210
51
1549
100
94
132
7162
1365
6726
189
12942
10153
1610
180
196
5776
127
112
92
1088
3679
11607
4920
887
7368
7714
166
127
101
1094
1201
14233
194
9744
9446
9119
9598
196
1356
8030
143
8675
191
77
1326
1437
103
105
4696
192
-32
3721
93
72
1362
1132
174
1587
153
1268
5136
169
133
946
174
236
3284
207
6775
53
14748
210
207
7785
13372
142
5761
149
9886
1379
6194
137
1319
5513
95
1025
7771
4128
82
83
13255
88
133
8205
5917
81
120
36
12719
6688
10210
51
1549
100
94
132
7162
1365
6726
189
12942
10153
1610
180
196
5776
127
112
92
1088
3679
11607
4920
887
7368
7714
166
127
101
1094
1201
14233
194
9744
9446
9119
9598
196
1356
8030
143
8675
191
77
1326
1437
103
105
4696
192
-32
3721
93
72
1362
1132
174
1587
153
1268
5136
169
133
946
174
236
3284
207
6775
53
14748
210
207
7785
13372
142
5761
149
9886
1379
6194
137
1319
5513
95
1025
7771
4128
82
83
13255
88
133
8205
5917
81
120
36
12719
6688
10210
51
1549
100
94
132
7162
1365
6726
189
12942
10153
1610
180
196
5776
127
112
92
1088
3679
11607
4920
887
7368
7714
166
127
101
1094
1201
14233
194
9744
9446
9119
9598
196
1356
8030
143
8675
191
77
1326
1437
103
105
4696
192
-32
3721
93
72
1362
1132
174
1587
153
1268
5136
169
133
946
174
236
3284
207
6775
53
14748
210
207
7785
13372
142
5761
149
9886
1379
6194
137
1319
5513
95
1025
7771
4128
82
83
13255
88
133
8205
5917
81
120
36
12719
6688
10210
51
1549
100
94
132
7162
1365
6726
189
12942
10153
1610
180
196
5776
127
112
92
1088
3679
11607
4920
887
7368
7714
166
127
101
1094
1201
14233
194
9744
9446
9119
9598
196
1356
8030
143
8675
191
77
1326
1437
103
105
4696
192
-32
3721
93
72
1362
1132
174
1587
153
1268
5136
169
133
946
174
236
3284
207
6775
53
14748
210
207
7785
13372
142
5761
149
9886
1379
6194
137
1319
5513
95
1025
7771
4128
82
83
13255
88
133
8205
5917
81
120
36
12719
6688
10210
51
1549
100
94
132
7162
1365
6726
189
12942
10153
1610
180
196
5776
127
112
92
1088
3679
11607
4920
887
7368
7714
166
127
101
1094
1201
14233
194
9744
9446
9119
9598
196
1356
8030
143
8675
191
77
1326
1437
103
105
4696
192
-32
3721
93
72
1362
1132
174
1587
153
1268
5136
169
133
946
174
236
3284
207
6775
53
14748
210
207
7785
13372
142
5761
149
9886
1379
6194
137
1319
5513
95
1025
7771
4128
82
83
13255
88
133
8205
5917
81
120
36
12719
6688
10210
51
1549
100
94
132
7162
1365
6726
189
12942
10153
1610
180
196
5776
127
112
92
1088
3679
11607
4920
887
7368
7714
166
127
101
1094
1201
14233
194
9744
9446
9119
9598
196
1356
8030
143
8675
191
77
1326
1437
103
105
4696
192
-32
3721
93
72
1362
1132
174
1587
153
1268
5136
169
133
946
174
236
3284
207
6775
53
14748
210
207
7785
13372
142
5761
149
9886
1379
6194
137
1319
5513
95
1025
7771
4128
82
83
13255
88
133
8205
5917
81
120
36
12719
6688
10210
51
1549
100
94
132
7162
1365
6726
189
12942
10153
1610
180
196
5776
127
112
92
1088
3679
11607
4920
887
7368
7714
166
127
101
1094
1201
14233
194
9744
9446
9119
9598
196
1356
8030
143
8675
191
77
1326
1437
103
105
4696
192
-32
3721
93
72
1362
1132
174
1587
153
1268
5136
169
133
946
174
236
3284
207
6775
53
14748
210
207
7785
13372
142
5761
149
9886
1379
6194
137
1319
5513
95
1025
7771
4128
82
83
13255
88
133
8205
5917
81
120
36
12719
6688
10210
51
1549
100
94
132
7162
1365
6726
189
12942
10153
1610
180
196
5776
127
112
92
1088
3679
11607
4920
887
7368
7714
166
127
101
1094
1201
14233
194
9744
9446
9119
9598
196
1356
8030
143
8675
191
77
1326
1437
103
105
4696
192
-32
3721
93
72
1362
1132
174
1587
153
1268
5136
169
133
946
174
236
3284
207
6775
53
14748
210
207
7785
13372
142
5761
149
9886
1379
6194
137
1319
5513
95
1025
7771
4128
82
83
13255
88
133
8205
5917
81
120
36
12719
6688
10210
51
1549
100
94
132
7162
1365
6726
189
12942
10153
1610
180
196
5776
127
112
92
1088
3679
11607
4920
887
7368
7714
166
127
101
1094
1201
14233
194
9744
9446
9119
9598
196
1356
8030
143
8675
191
77
1326
1437
103
105
4696
192
-32
3721
93
72
1362
1132
174
1587
153
1268
5136
169
133
946
174
236
3284
207
6775
53
14748
210
207
7785
13372
142
5761
149
9886
1379
6194
137
1319
5513
95
1025
7771
4128
82
83
13255
88
133
8205
5917
81
120
36
12719
6688
10210
51
1549
100
94
132
7162
1365
6726
189
12942
10153
1610
180
196
5776
127
112
92
1088
3679
11607
4920
887
7368
7714
166
127
101
1094
1201
14233
194
9744
9446
9119
9598
196
1356
8030
143
8675
191
77
1326
1437
103
105
4696
192
-32
3721
93
72
1362
1132
174
1587
153
1268
5136
169
133
946
174
236
3284
207
6775
53
14748
210
207
7785
13372
142
5761
149
9886
1379
6194
137
1319
5513
95
1025
7771
4128
82
83
13255
88
133
8205
5917
81
120
36
12719
6688
10210
51
1549
100
94
132
7162
1365
6726
189
12942
10153
1610
180
196
5776
127
112
92
1088
3679
11607
4920
887
7368
7714
166
127
101
1094
1201
14233
194
9744
9446
9119
9598
196
1356
8030
143
8675
191
77
1326
1437
103
105
4696
192
-32
3721
93
72
1362
1132
174
1587
153
1268
5136
169
133
946
174
236
3284
207
6775
53
14748
210
207
7785
13372
142
5761
149
9886
1379
6194
137
1319
5513
95
1025
7771
4128
82
83
13255
88
133
8205
5917
81
120
36
12719
6688
10210
51
1549
100
94
132
7162
1365
6726
189
12942
10153
1610
180
196
5776
127
112
92
1088
3679
11607
4920
887
7368
7714
166
127
101
1094
1201
14233
194
9744
9446
9119
9598
196
1356
8030
143
8675
191
77
1326
1437
103
105
4696
192
-32
3721
93
72
1362
1132
174
1587
153
1268
5136
169
133
946
174
236
3284
207
6775
53
14748
210
207
7785
13372
142
5761
149
9886
1379
6194
137
1319
5513
95
1025
7771
4128
82
83
13255
88
133
8205
5917
81
120
36
12719
6688
10210
51
1549
100
94
132
7162
1365
6726
189
12942
10153
1610
180
196
5776
127
112
92
1088
3679
11607
4920
887
7368
7714
166
127
101
1094
1201
14233
194
9744
9446
9119
9598
196
1356
8030
143
8675
191
77
1326
1437
103
105
4696
192
-32
3721
93
72
1362
1132
174
1587
153
1268
5136
169
133
946
174
236
3284
207
6775
53
14748
210
207
7785
13372
142
5761
149
9886
1379
6194
137
1319
5513
95
1025
7771
4128
82
83
13255
88
133
8205
5917
81
120
36
12719
6688
10210
51
1549
100
94
132
7162
1365
6726
189
12942
10153
1610
180
196
5776
127
112
92
1088
3679
11607
4920
887
7368
7714
166
127
101
1094
1201
14233
194
9744
9446
9119
9598
196
1356
8030
143
8675
191
77
1326
1437
103
105
4696
192
-32
3721
93
72
1362
1132
174
1587
153
1268
5136
169
133
946
174
236
3284
207
6775
53
14748
210
207
7785
13372
142
5761
149
9886
1379
6194
137
1319
5513
95
1025
7771
4128
82
83
13255
88
133
8205
5917
81
120
36
12719
6688
10210
51
1549
100
94
132
7162
1365
6726
189
12942
10153
1610
180
196
5776
127
112
92
1088
3679
11607
4920
887
7368
7714
166
127
101
1094
1201
14233
194
9744
9446
9119
9598
196
1356
8030
143
8675
191
77
1326
1437
103
105
4696
192
-32
3721
93
72
1362
1132
174
1587
153
1268
5136
169
133
946
174
236
3284
207
6775
53
14748
210
207
7785
13372
142
5761
149
9886
1379
6194
137
1319
5513
95
1025
7771
4128
82
83
13255
88
133
8205
5917
81
120
36
12719
6688
10210
51
1549
100
94
132
7162
1365
6726
189
12942
10153
1610
180
196
5776
127
112
92
1088
3679
11607
4920
887
7368
7714
166
127
101
1094
1201
14233
194
9744
9446
9119
9598
196
1356
8030
143
8675
191
77
1326
1437
103
105
4696
192
-32
3721
93
72
1362
1132
174
1587
153
1268
5136
169
133
946
174
236
3284
207
6775
53
14748
210
207
7785
13372
142
5761
149
9886
1379
6194
137
1319
5513
95
1025
7771
4128
82
83
13255
88
133
8205
5917
81
120
36
12719
6688
10210
51
1549
100
94
132
7162
1365
6726
189
12942
10153
1610
180
196
5776
127
112
92
1088
3679
11607
4920
887
7368
7714
166
127
101
1094
1201
14233
194
9744
9446
9119
9598
196
1356
8030
143
8675
191
77
1326
1437
103
105
4696
192
-32
3721
93
72
1362
1132
174
1587
153
1268
5136
169
133
946
174
236
3284
207
6775
53
14748
210
207
7785
13372
142
5761
149
9886
1379
6194
137
1319
5513
95
1025
7771
4128
82
83
13255
88
133
8205
5917
81
120
36
12719
6688
10210
51
1549
100
94
132
7162
1365
6726
189
12942
10153
1610
180
196
5776
127
112
92
1088
3679
11607
4920
887
7368
7714
166
127
101
1094
1201
14233
194
9744
9446
9119
9598
196
1356
8030
143
8675
191
77
1326
1437
103
105
4696
192
-32
3721
93
72
1362
1132
174
1587
153
1268
5136
169
133
946
174
236
3284
207
6775
53
14748
210
207
7785
13372
142
5761
149
9886
1379
6194
137
1319
5513
95
1025
7771
4128
82
83
13255
88
133
8205
5917
81
120
36
12719
6688
10210
51
1549
100
94
132
7162
1365
6726
189
12942
10153
1610
180
196
5776
127
112
92
1088
3679
11607
4920
887
7368
7714
166
127
101
1094
1201
14233
194
9744
9446
9119
9598
196
1356
8030
143
8675
191
77
1326
1437
103
105
4696
192
-32
3721
93
72
1362
1132
174
1587
153
1268
5136
169
133
946
174
236
3284
207
6775
53
14748
210
207
7785
13372
142
5761
149
9886
1379
6194
137
1319
5513
95
1025
7771
4128
82
83
13255
88
133
8205
5917
81
120
36
12719
6688
10210
51
1549
100
94
132
7162
1365
6726
189
12942
10153
1610
180
196
5776
127
112
92
1088
3679
11607
4920
887
7368
7714
166
127
101
1094
1201
14233
194
9744
9446
9119
9598
196
1356
8030
143
8675
191
77
1326
1437
103
105
4696
192
-32
3721
93
72
1362
1132
174
1587
153
1268
5136
169
133
946
174
236
3284
207
6775
53
14748
210
207
7785
13372
142
5761
149
9886
1379
6194
137
1319
5513
95
1025
7771
4128
82
83
13255
88
133
8205
5917
81
120
36
12719
6688
10210
51
1549
100
94
132
7162
1365
6726
189
12942
10153
1610
180
196
5776
127
112
92
1088
3679
11607
4920
887
7368
7714
166
127
101
1094
1201
14233
194
9744
9446
9119
9598
196
1356
8030
143
8675
191
77
1326
1437
103
105
4696
192
-32
3721
93
72
1362
1132
174
1587
153
1268
5136
169
133
946
174
236
3284
207
6775
53
14748
210
207
7785
13372
142
5761
149
9886
1379
6194
137
1319
5513
95
1025
7771
4128
82
83
13255
88
133
8205
5917
81
120
36
12719
6688
10210
51
1549
100
94
132
7162
1365
6726
189
12942
10153
1610
180
196
5776
127
112
92
1088
3679
11607
4920
887
7368
7714
166
127
101
1094
1201
14233
194
9744
9446
9119
9598
196
1356
8030
143
8675
191
77
1326
1437
103
105
4696
192
-32
3721
93
72
1362
1132
174
1587
153
1268
5136
169
133
946
174
236
3284
207
6775
53
14748
210
207
7785
13372
142
5761
149
9886
1379
6194
137
1319
5513
95
1025
7771
4128
82
83
13255
88
133
8205
5917
81
120
36
12719
6688
10210
51
1549
100
94
132
7162
1365
6726
189
12942
10153
1610
180
196
5776
127
112
92
1088
3679
11607
4920
887
7368
7714
166
127
101
1094
1201
14233
194
9744
9446
9119
9598
196
1356
8030
143
8675
191
77
1326
1437
103
105
4696
192
-32
3721
93
72
1362
1132
174
1587
153
1268
5136
169
133
946
174
236
3284
207
6775
53
14748
210
207
7785
13372
142
5761
149
9886
1379
6194
137
1319
5513
95
1025
7771
4128
82
83
13255
88
133
8205
5917
81
120
36
12719
6688
10210
51
1549
100
94
132
7162
1365
6726
189
12942
10153
1610
180
196
5776
127
112
92
1088
3679
11607
4920
887
7368
7714
166
127
101
1094
1201
14233
194
9744
9446
9119
9598
196
1356
8030
143
8675
191
77
1326
1437
103
105
4696
192
-32
3721
93
72
1362
1132
174
1587
153
1268
5136
169
133
946
174
236
3284
207
6775
53
14748
210
207
7785
13372
142
5761
149
9886
1379
6194
137
1319
5513
95
1025
7771
4128
82
83
13255
88
133
8205
5917
81
120
36
12719
6688
10210
51
1549
100
94
132
7162
1365
6726
189
12942
10153
1610
180
196
5776
127
112
92
1088
3679
11607
4920
887
7368
7714
166
127
101
1094
1201
14233
194
9744
9446
9119
9598
196
1356
8030
143
8675
191
77
1326
1437
103
105
4696
192
-32
3721
93
72
1362
1132
174
1587
153
1268
5136
169
133
946
174
236
3284
207
6775
53
14748
210
207
7785
13372
142
5761
149
9886
1379
6194
137
1319
5513
95
1025
7771
4128
82
83
13255
88
133
8205
5917
81
120
36
12719
6688
10210
51
1549
100
94
132
7162
1365
6726
189
12942
10153
1610
180
196
5776
127
112
92
1088
3679
11607
4920
887
7368
7714
166
127
101
1094
1201
14233
194
9744
9446
9119
9598
196
1356
8030
143
8675
191
77
1326
1437
103
105
4696
192
-32
3721
93
72
1362
1132
174
1587
153
1268
5136
169
133
946
174
236
3284
207
6775
53
14748
210
207
7785
13372
142
5761
149
9886
1379
6194
137
1319
5513
95
1025
7771
4128
82
83
13255
88
133
8205
5917
81
120
36
12719
6688
10210
51
1549
100
94
132
7162
1365
6726
189
12942
10153
1610
180
196
5776
127
112
92
1088
3679
11607
4920
887
7368
7714
166
127
101
1094
1201
14233
194
9744
9446
9119
9598
196
1356
8030
143
8675
191
77
1326
1437
103
105
4696
192
-32
3721
93
72
1362
1132
174
1587
153
1268
5136
169
133
946
174
236
3284
207
6775
53
14748
210
207
7785
13372
142
5761
149
9886
1379
6194
137
1319
5513
95
1025
7771
4128
82
83
13255
88
133
8205
5917
81
120
36
12719
6688
10210
51
1549
100
94
132
7162
1365
6726
189
12942
10153
1610
180
196
5776
127
112
92
1088
3679
11607
4920
887
7368
7714
166
127
101
1094
1201
14233
194
9744
9446
9119
9598
196
1356
8030
143
8675
191
77
1326
1437
103
105
4696
192
-32
3721
93
72
1362
1132
174
1587
153
1268
5136
169
133
946
174
236
3284
207
6775
53
14748
210
207
7785
13372
142
5761
149
9886
1379
6194
137
1319
5513
95
1025
7771
4128
82
83
13255
88
133
8205
5917
81
120
36
12719
6688
10210
51
1549
100
94
132
7162
1365
6726
189
12942
10153
1610
180
196
5776
127
112
92
1088
3679
11607
4920
887
7368
7714
166
127
101
1094
1201
14233
194
9744
9446
9119
9598
196
1356
8030
143
8675
191
77
1326
1437
103
105
4696
192
-32
3721
93
72
1362
1132
174
1587
153
1268
5136
169
133
946
174
236
3284
207
6775
53
14748
210
207
7785
13372
142
5761
149
9886
1379
6194
137
1319
5513
95
1025
7771
4128
82
83
13255
88
133
8205
5917
81
120
36
12719
6688
10210
51
1549
100
94
132
7162
1365
6726
189
12942
10153
1610
180
196
5776
127
112
92
1088
3679
11607
4920
887
7368
7714
166
127
101
1094
1201
14233
194
9744
9446
9119
9598
196
1356
8030
143
8675
191
77
1326
1437
103
105
4696
192
-32
3721
93
72
1362
1132
174
1587
153
1268
5136
169
133
946
174
236
3284
207
6775
53
14748
210
207
7785
13372
142
5761
149
9886
1379
6194
137
1319
5513
95
1025
7771
4128
82
83
13255
88
133
8205
5917
81
120
36
12719
6688
10210
51
1549
100
94
132
7162
1365
6726
189
12942
10153
1610
180
196
5776
127
112
92
1088
3679
11607
4920
887
7368
7714
166
127
101
1094
1201
14233
194
9744
9446
9119
9598
196
1356
8030
143
8675
191
77
1326
1437
103
105
4696
192
-32
3721
93
72
1362
1132
174
1587
153
1268
5136
169
133
946
174
236
3284
207
6775
53
14748
210
207
7785
13372
142
5761
149
9886
1379
6194
137
1319
5513
95
1025
7771
4128
82
83
13255
88
133
8205
5917
81
120
36
12719
6688
10210
51
1549
100
94
132
7162
1365
6726
189
12942
10153
1610
180
196
5776
127
112
92
1088
3679
11607
4920
887
7368
7714
166
127
101
1094
1201
14233
194
9744
9446
9119
9598
196
1356
8030
143
8675
191
77
1326
1437
103
105
4696
192
-32
3721
93
72
1362
1132
174
1587
153
1268
5136
169
133
946
174
236
3284
207
6775
53
14748
210
207
7785
13372
142
5761
149
9886
1379
6194
137
1319
5513
95
1025
7771
4128
82
83
13255
88
133
8205
5917
81
120
36
12719
6688
10210
51
1549
100
94
132
7162
1365
6726
189
12942
10153
1610
180
196
5776
127
112
92
1088
3679
11607
4920
887
7368
7714
166
127
101
1094
1201
14233
194
9744
9446
9119
9598
196
1356
8030
143
8675
191
77
1326
1437
103
105
4696
192
-32
3721
93
72
1362
1132
174
1587
153
1268
5136
169
133
946
174
236
3284
207
6775
53
14748
210
207
7785
13372
142
5761
149
9886
1379
6194
137
1319
5513
95
1025
7771
4128
82
83
13255
88
133
8205
5917
81
120
36
12719
6688
10210
51
1549
100
94
132
7162
1365
6726
189
12942
10153
1610
180
196
5776
127
112
92
1088
3679
11607
4920
887
7368
7714
166
127
101
1094
1201
14233
194
9744
9446
9119
9598
196
1356
8030
143
8675
191
77
1326
1437
103
105
4696
192
-32
3721
93
72
1362
1132
174
1587
153
1268
5136
169
133
946
174
236
3284
207
6775
53
14748
210
207
7785
13372
142
5761
149
9886
1379
6194
137
1319
5513
95
1025
7771
4128
82
83
13255
88
133
8205
5917
81
120
36
12719
6688
10210
51
1549
100
94
132
7162
1365
6726
189
12942
10153
1610
180
196
5776
127
112
92
1088
3679
11607
4920
887
7368
7714
166
127
101
1094
1201
14233
194
9744
9446
9119
9598
196
1356
8030
143
8675
191
77
1326
1437
103
105
4696
192
-32
3721
93
72
1362
1132
174
1587
153
1268
5136
169
133
946
174
236
3284
207
6775
53
14748
210
207
7785
13372
142
5761
149
9886
1379
6194
137
1319
5513
95
1025
7771
4128
82
83
13255
88
133
8205
5917
81
120
36
12719
6688
10210
51
1549
100
94
132
7162
1365
6726
189
12942
10153
1610
180
196
5776
127
112
92
1088
3679
11607
4920
887
7368
7714
166
127
101
1094
1201
14233
194
9744
9446
9119
9598
196
1356
8030
143
8675
191
77
1326
1437
103
105
4696
192
-32
3721
93
72
1362
1132
174
1587
153
1268
5136
169
133
946
174
236
3284
207
6775
53
14748
210
207
7785
13372
142
5761
149
9886
1379
6194
137
1319
5513
95
1025
7771
4128
82
83
13255
88
133
8205
5917
81
120
36
12719
6688
10210
51
1549
100
94
132
7162
1365
6726
189
12942
10153
1610
180
196
5776
127
112
92
1088
3679
11607
4920
887
7368
7714
166
127
101
1094
1201
14233
194
9744
9446
9119
9598
196
1356
8030
143
8675
191
77
1326
1437
103
105
4696
192
-32
3721
93
72
1362
1132
174
1587
153
1268
5136
169
133
946
174
236
3284
207
6775
53
14748
210
207
7785
13372
142
5761
149
9886
1379
6194
137
1319
5513
95
1025
7771
4128
82
83
13255
88
133
8205
5917
81
120
36
12719
6688
10210
51
1549
100
94
132
7162
1365
6726
189
12942
10153
1610
180
196
5776
127
112
92
1088
3679
11607
4920
887
7368
7714
166
127
101
1094
1201
14233
194
9744
9446
9119
9598
196
1356
8030
143
8675
191
77
1326
1437
103
105
4696
192
-32
3721
93
72
1362
1132
174
1587
153
1268
5136
169
133
946
174
236
3284
207
6775
53
14748
210
207
7785
13372
142
5761
149
9886
1379
6194
137
1319
5513
95
1025
7771
4128
82
83
13255
88
133
8205
5917
81
120
36
12719
6688
10210
51
1549
100
94
132
7162
1365
6726
189
12942
10153
1610
180
196
5776
127
112
92
1088
3679
11607
4920
887
7368
7714
166
127
101
1094
1201
14233
194
9744
9446
9119
9598
196
1356
8030
143
8675
191
77
1326
1437
103
105
4696
192
-32
3721
93
72
1362
1132
174
1587
153
1268
5136
169
133
946
174
236
3284
207
6775
53
14748
210
207
7785
13372
142
5761
149
9886
1379
6194
137
1319
5513
95
1025
7771
4128
82
83
13255
88
133
8205
5917
81
120
36
12719
6688
10210
51
1549
100
94
132
7162
1365
6726
189
12942
10153
1610
180
196
5776
127
112
92
1088
3679
11607
4920
887
7368
7714
166
127
101
1094
1201
14233
194
9744
9446
9119
9598
196
1356
8030
143
8675
191
77
1326
1437
103
105
4696
192
-32
3721
93
72
1362
1132
174
1587
153
1268
5136
169
133
946
174
236
3284
207
6775
53
14748
210
207
7785
13372
142
5761
149
9886
1379
6194
137
1319
5513
95
1025
7771
4128
82
83
13255
88
133
8205
5917
81
120
36
12719
6688
10210
51
1549
100
94
132
7162
1365
6726
189
12942
10153
1610
180
196
5776
127
112
92
1088
3679
11607
4920
887
7368
7714
166
127
101
1094
1201
14233
194
9744
9446
9119
9598
196
1356
8030
143
8675
191
77
1326
1437
103
105
4696
192
-32
3721
93
72
1362
1132
174
1587
153
1268
5136
169
133
946
174
236
3284
207
6775
53
14748
210
207
7785
13372
142
3880
10752
16
1046
6775
11302
9401
12903
12257
1494
1488
1081
1343
6825
1423
270
1642
4127
4361
10845
6223
182
6729
90
261
58
201
968
289
10824
7897
7437
202
194
178
1600
125
12429
254
238
6173
272
5008
5908
5283
1202
14504
205
1086
61
129
92
3869
1461
142
135
1498
11434
220
1215
7384
4652
10067
119
191
164
1203
111
131
184
3779
1008
131
12074
139
3798
119
1065
66
10926
188
958
1217
137
1082
39
143
157
1123
74
10757
1344
4930
1451
11788
168
159
7629
5344
10028
144
5890
13089
1067
179
9580
105
1418
164
287
1530
116
9037
1209
214
198
14693
198
14930
6852
99
-46
6772
192
1228
171
10421
93
43
193
1297
8981
1158
136
1420
106
1332
172
3443
2608
174
7146
98
100
1029
8038
1181
1387
1565
129
171
158
13649
3821
7903
14871
8222
1290
14525
1262
127
254
1332
42
11970
1463
144
8998
4792
185
260
11156
1364
4119
1701
92
7022
861
145
55
9507
4315
204
5832
1053
973
7686
152
148
120
11209
161
6603
88
8956
9975
4500
69
1390
3657
76
11911
989
15010
67
170
147
1326
1434
12830
1505
12521
192
84
4322
12764
1145
1469
1070
239
1414
1315
94
1172
171
66
1224
227
1316
1036
2933
1714
45
1166
146
9403
1433
186
1072
9160
1535
755
1325
6500
122
1392
89
3253
1279
8071
14624
1334
1494
4416
156
1415
215
1181
1306
151
1339
259
5368
6179
1311
3686
1140
1647
110
7648
1251
9061
252
295
1211
57
94
123
1083
1032
206
118
181
-13
32
130
1252
123
138
221
11125
11305
1241
217
169
1519
3795
225
26
118
2569
1148
179
150
8280
3988
1034
122
160
1319
157
1194
7345
140
13402
127
12207
1450
111
5214
1242
152
155
1713
132
1423
45
63
7086
1178
12210
4814
6567
104
117
169
8264
1334
8733
10345
1486
152
180
225
32
167
107
6482
919
116
196
88
3110
10770
24
929
152
138
8150
102
115
3719
75
10815
4566
1376
156
1356
181
4814
97
20
6844
9398
1303
11685
48
210
158
11423
76
1146
13
152
149
72
4023
157
1392
145
1403
4383
192
1375
-6
125
152
7515
222
138
1330
1328
8796
196
747
149
14945
1500
9484
146
191
94
13587
139
152
47
176
161
123
135
11400
10165
1228
10384
123
207
5690
47
7966
89
83
282
1245
1363
13187
186
12054
124
-13
171
111
168
1
214
1317
10404
156
7670
73
1501
6456
297
157
1549
11301
1198
3292
246
2773
1138
1433
101
161
185
1308
126
1631
12610
108
1072
178
8901
1179
211
7315
29
5754
10270
100
1020
1258
5830
4646
33
98
156
7186
5325
14585
231
138
7926
6155
236
1338
206
4808
112
11419
223
179
1086
138
9627
4288
1217
4239
7246
1184
189
114
9250
12899
65
1376
209
1421
1238
158
137
1148
11289
12371
7665
-8
1577
13488
17
98
208
1142
6435
1210
1291
5886
197
11
46
1308
173
8326
1372
9868
13651
47
1315
72
1111
106
1430
92
10125
14432
11963
1411
1022
1590
5813
208
1173
1219
177
11201
1054
169
1584
3936
83
259
7573
105
46
96
178
5817
120
126
87
1248
1576
4086
77
1135
8333
1294
80
3681
12697
10868
1105
1321
203
4740
177
169
1367
101
216
1257
1517
1226
170
1347
119
6987
12985
1622
160
192
6725
1412
198
9444
12931
171
1331
1202
164
220
1027
3511
6239
65
159
1381
6082
125
94
7392
239
9585
1476
2686
152
11975
4266
144
9806
10216
1265
146
195
8173
188
1303
1603
1317
5439
140
1131
1660
1264
153
117
152
1497
7420
960
1125
50
178
1167
158
76
7415
230
64
203
125
7453
1224
1388
1385
92
5156
204
79
1195
7080
7504
205
5344
6146
10450
9523
1326
1303
10418
116
1621
176
41
176
4143
1038
1289
31
183
63
132
11336
5334
89
4987
149
1040
7474
130
124
171
14458
3739
70
6508
5958
84
1066
221
1530
39
1324
978
193
187
181
86
1412
10573
151
18
148
225
7795
124
156
176
158
204
1198
1063
5185
209
6380
155
1682
1092
224
8457
191
943
11415
132
1301
5510
9304
11115
224
3959
142
12905
3974
136
151
143
3805
192
1548
1420
1277
7797
3948
126
111
154
88
112
138
8274
7620
174
1270
190
99
4706
6703
10355
5465
58
6550
1473
8464
7144
8941
180
1171
9775
3519
7722
1568
10725
