
  DATA NUM        TYPE     LABEL          TIME     

1325
13426
12922
36
226
11891
1275
1593
117
31
12583
5295
12470
9903
7124
1148
181
13547
169
1492
10706
1312
218
12916
4770
11922
1675
13908
13176
13559
327
153
919
1019
8351
1333
169
13675
1491
197
12777
7950
99
9177
6864
1689
7693
12772
10943
7645
6025
2905
234
10675
200
50
12143
136
12032
7918
10333
13120
124
4430
10299
11897
8821
1399
4920
1403
1424
145
1234
8630
8804
6442
5529
9931
10274
10180
63
122
155
63
12717
12369
12737
10527
1333
12319
6759
13205
7676
3903
10136
19
11929
5651
10484
5294
1835
11213
9721
1285
12985
90
4122
9215
5102
12833
13280
13078
957
102
7470
9586
73
148
4531
67
7218
251
21
1175
271
2848
6111
1632
157
8315
1428
8622
5745
4574
58
138
164
1418
99
7393
111
1495
4933
181
210
6998
10739
1028
204
5658
1539
4629
125
102
1123
1718
10890
6914
5794
8236
7847
1215
3884
12756
146
176
7975
5903
111
130
5831
1311
4096
8860
171
73
10323
12805
1699
8332
10101
12048
116
12097
158
10939
1334
153
1377
1344
3047
7216
161
9491
10348
1584
10032
170
7943
72
203
8650
1333
1093
3047
9901
9374
124
4755
13377
1365
1480
245
12249
10840
7603
110
189
13512
8096
57
9904
6255
7063
1495
79
10545
1269
10899
12196
1370
198
6428
981
10383
154
10624
175
6037
11602
193
4204
7282
1470
12928
83
8879
1521
7873
873
85
5119
13295
8802
8600
9878
176
187
7751
216
10788
10975
1229
5366
1487
13401
8754
9650
156
162
2808
3187
1480
1176
4590
13324
94
104
12479
45
1483
13356
1315
110
7792
184
1068
6715
211
37
10265
3153
141
1639
84
10984
61
4684
89
13715
70
1415
8975
11009
109
7356
6501
8282
125
1402
10988
1172
212
11056
11414
4052
163
8252
3342
50
62
3301
11790
5585
4056
6823
9404
1001
6353
5185
12928
12137
1288
13493
9942
10033
158
217
1164
1418
1550
199
2799
10112
12830
157
66
7128
-32
1166
12854
145
-75
6842
10796
4688
4142
188
80
6619
1440
9975
7349
5886
13296
13154
58
105
10038
1174
68
193
110
126
6781
1533
5423
4567
6420
11138
11007
10021
64
12760
97
1533
10644
8749
12634
12919
247
4319
1537
257
13413
1504
209
147
1328
190
1491
10422
12762
1426
6402
8662
69
1407
1508
7053
13234
5199
10391
1295
3040
10494
67
5839
42
12844
5921
9918
123
1305
6643
3625
134
13238
11393
194
10654
9665
10514
150
1610
7131
6980
1430
13616
13506
5984
6825
11330
1111
4059
8936
1395
164
9024
5872
1485
1298
169
7217
1351
13337
5327
5148
154
13470
8471
10877
12995
1439
39
8264
13038
7387
11509
158
10060
1237
144
169
9462
12806
1016
3664
-9
9192
5890
12929
8535
12762
162
1140
165
4533
1235
162
136
6055
3185
8330
12903
151
5006
104
189
1438
13447
9073
62
1629
9803
1334
1537
6772
1301
13842
12805
6055
1549
13170
9970
17
1516
10042
1426
104
72
12368
245
9946
10107
149
13093
181
88
7555
266
149
9673
1461
1298
154
4396
8339
7948
1298
144
11528
6421
5073
13434
151
13901
10720
152
282
1176
926
1476
10028
127
1420
8679
3163
13764
1178
10077
8939
8801
10790
10236
1394
973
114
7986
129
13052
12598
179
200
8861
86
12250
8134
1452
241
21
1407
1624
10879
4658
1401
1423
1181
1645
13416
6644
13014
28
1812
8075
3292
1418
11139
1024
5451
156
1285
13573
12952
10872
54
1200
8946
10544
12879
85
7441
86
116
13060
1123
5545
6830
8140
10543
171
270
3472
86
7195
7762
1085
4988
155
9357
1657
1228
1257
44
3635
1028
130
12324
7212
129
7008
231
12
8662
251
6078
7700
10669
185
1399
11344
181
12131
1852
6327
12022
1094
89
1452
4563
10220
118
170
107
12953
8255
4979
5091
115
172
1563
3539
88
184
198
10868
7946
1444
85
193
61
11195
239
204
189
1338
1699
5486
13437
200
240
40
168
1361
1616
122
13234
1499
240
12376
206
1290
6382
1308
98
10838
1346
3696
10886
135
1511
11665
1017
10550
133
13177
12564
1176
8988
973
3875
13485
1501
9717
6779
150
11948
8622
12518
11617
1102
86
11140
114
10490
1262
6239
12924
1123
1586
11587
163
10681
4561
1373
10876
12344
98
32
11096
143
1223
975
8905
95
210
1344
197
1381
1313
4645
1586
107
5852
14
7776
140
10740
5618
9817
12165
33
7909
7324
3929
7150
7548
62
13533
1410
13035
9988
130
6445
9670
51
138
149
196
1566
13643
5183
973
7739
133
8757
10681
801
3317
63
78
1280
3765
6099
224
7235
10229
9750
1367
1280
1047
240
3849
1215
13737
8702
3577
1337
205
110
108
1379
5035
138
1109
1435
161
4192
13543
8709
1464
6489
11690
12607
199
1473
1535
113
1479
10163
1235
186
5019
1500
91
8929
1338
7514
4610
10707
4929
1154
120
1270
231
7421
11112
2952
1070
4802
84
3592
148
1335
8504
6017
7983
213
181
1516
8069
3508
660
5975
9292
12701
1446
13034
9515
70
11925
5906
9392
9034
10257
6346
7849
1491
1603
7168
175
1750
105
1288
1271
4065
9865
74
8043
13511
7785
5693
13488
1352
255
185
11814
177
11725
7851
106
7671
7094
217
204
1173
1502
201
12118
129
9899
167
242
5751
13067
12879
1171
276
7927
6307
197
10707
167
128
195
10353
1295
1354
12894
153
213
1610
988
12556
12646
10297
76
7936
9674
24
1677
202
232
1337
10093
11102
196
13823
135
949
174
10100
6009
5641
1184
8704
1046
1109
11681
965
4819
8710
211
4323
100
53
32
4749
74
1270
11683
9017
10868
1307
8988
878
169
1081
1343
12855
1173
9015
1504
253
9386
131
4481
7204
13299
10778
183
135
11976
945
273
7651
5744
118
184
4780
10591
1551
10065
10235
-30
121
209
7742
5578
1024
108
200
10356
12845
7307
8848
1633
3486
12485
6684
6959
1413
7957
100
84
1145
9707
10990
2941
13143
130
2947
11804
12925
1223
11904
84
134
3574
138
78
8886
186
7318
177
40
3716
7096
151
1397
1090
102
-10
13065
3357
1271
281
7135
8042
182
6740
13378
5106
1565
10045
12951
6239
67
13381
1407
9591
10122
10795
98
86
9940
1679
5476
106
1555
67
52
7891
5599
4059
110
12613
7520
6958
9838
9966
4206
6221
152
48
159
9166
3502
5836
117
11746
10338
10444
1362
6773
4790
8201
6746
1398
13375
5604
10195
177
7086
1359
60
11003
1326
4968
12008
87
227
115
145
13742
115
77
4851
11777
1460
-35
58
100
213
10175
12433
134
1276
1177
963
3630
151
5798
266
10689
9001
8832
10169
6865
8434
134
31
225
277
10016
7737
166
10477
1346
9974
1115
226
13338
7843
116
13602
1224
-3
6794
58
1625
3577
11201
13907
6172
1384
11891
1260
7325
1459
1406
1534
1419
10245
1708
1129
1530
7918
163
7874
215
126
1519
13932
4613
7700
6628
3883
150
1213
183
1194
13362
8877
91
9312
23
11292
1258
8432
13081
10349
1175
178
12225
5331
1271
10971
12733
9115
11175
10538
4518
117
10781
5356
7126
4880
1534
1423
11227
12405
1368
11784
5421
10358
13122
6354
7465
13134
1570
1681
184
8919
1539
5331
276
1118
1175
1649
10200
13502
4763
9278
4823
7169
7731
10799
10519
1375
11844
142
175
168
13439
1073
8802
1334
5981
9446
1628
1621
7786
1407
11075
199
8659
1290
13385
4194
8206
169
11004
2035
8763
172
4769
179
3613
9500
317
10494
12848
162
13698
155
228
53
10469
1322
13364
127
11501
1506
1355
1628
1487
12892
8137
141
244
8470
1455
11980
87
9395
12519
1131
161
13730
13607
2655
997
1063
13095
208
1321
7153
7009
8198
13458
234
10723
10838
284
4270
171
12680
6998
12197
8114
129
5677
99
218
7977
4997
1001
122
7443
1454
232
5611
1560
6422
6133
11682
165
4145
193
82
219
13
1394
11996
12889
178
3918
10219
7885
8637
994
5097
1444
1527
1358
8
1207
11359
194
1476
12044
159
8945
1538
213
12312
6542
13559
58
84
13271
114
1223
157
8831
8034
8443
5637
1062
1273
6573
1626
3629
214
1330
243
102
131
11665
11628
11549
6753
5964
228
145
8889
4054
9131
1304
13169
157
9282
11704
3525
122
36
1340
8586
9799
12884
10509
87
1646
12949
11038
1300
833
7425
1473
118
13641
13013
94
12115
194
1297
1559
1317
9963
139
8941
1138
6974
107
10282
32
1551
13326
7795
1217
5814
182
7062
13353
7823
11952
9492
12586
116
9617
1373
860
11021
11287
1318
10051
13328
1215
5120
1050
5749
1280
6968
7631
1522
946
7223
8797
183
12585
12210
1316
192
12167
6696
12374
923
6216
147
3744
4617
11097
10480
1361
99
1234
10009
111
10445
1420
10139
136
6212
1536
8720
1035
1687
5808
4984
6717
6039
1403
1268
12694
40
295
9186
5634
146
1271
5354
168
234
1540
8618
5885
8282
1271
1429
1399
7695
192
10275
28
12583
160
-16
1481
9231
90
9017
13623
96
5948
1622
9263
7544
12685
7317
4997
9
6273
141
12847
195
220
1036
3769
1005
1428
109
6393
1416
1541
6357
1488
7583
1002
9137
10034
7308
7248
979
186
91
7962
12
7110
1780
6397
11593
10209
5745
190
1567
3763
1188
1145
32
46
193
66
204
9351
3992
213
12930
1205
64
5552
6225
1094
1121
1223
10526
-18
11
232
18
10677
7501
1348
10724
147
1275
12731
11548
1339
47
87
4892
98
1125
9770
13041
2770
7990
143
4901
9261
209
13735
3517
5156
204
13098
270
194
1219
8768
-11
1539
1523
199
12771
12426
64
144
10571
4044
1068
8521
6853
171
5477
7465
4728
197
1702
12859
3947
7740
9870
4051
73
3595
149
11167
175
5014
1108
77
209
1117
3908
199
125
6214
7965
10255
6521
122
12927
11024
124
11508
8063
10275
1511
26
1403
4276
13098
12819
4024
13497
189
6405
1601
11306
7240
7665
13579
12233
12036
1172
147
4626
1246
1341
130
195
10427
1672
252
83
10269
979
6216
163
170
1052
163
11509
1437
67
151
90
10793
1601
49
273
5938
10253
1185
13197
170
89
12202
4664
240
1367
9885
115
158
1481
5830
1406
32
105
1132
4
1232
12684
6349
1382
5796
1663
22
10137
192
5742
11385
57
4115
181
137
68
4805
10158
10781
5650
10798
12939
173
124
4720
168
6538
115
145
227
12259
228
3048
179
98
10221
10074
9188
1351
4369
6860
143
103
10214
1409
291
238
6136
4844
112
39
1543
1603
10086
6949
207
9537
94
12259
266
10710
57
172
4527
11846
11758
1720
78
5160
65
1445
11331
5625
9389
3934
1145
137
1294
9003
7678
6434
7073
53
1454
11228
234
1197
12832
8226
174
13425
7024
237
1040
1345
12921
133
95
1348
5948
8331
7636
179
5991
3943
11365
10633
6233
3635
165
7354
7210
111
6814
8493
6398
1495
13037
7726
1633
7974
52
144
8007
126
4992
1020
1301
142
6741
129
879
1224
1137
31
1638
12653
159
1419
10191
94
6129
5420
-7
152
9012
928
1668
1720
13476
7966
80
130
13427
9803
8850
3745
94
10994
133
37
3126
1485
9666
1725
61
1628
1093
128
205
152
11900
12802
8750
1331
1162
7410
1217
10407
12923
1157
9118
4073
1057
212
898
5680
274
9299
5885
12546
7896
4795
9617
12190
10091
11259
37
4966
4668
8361
1307
5362
1203
117
121
4851
153
218
5063
5055
257
11648
1341
9012
7751
227
6235
4351
1521
7777
134
3227
9130
13568
11114
1442
1369
9018
125
7745
1702
97
1532
3169
1080
1446
9275
192
4074
2842
7816
222
177
40
12445
7528
11390
13093
12266
1194
80
1078
1140
10832
10763
13154
1368
1335
-4
9844
12780
168
1095
8181
100
37
11242
1750
10762
96
100
11811
12463
62
147
10241
1197
1288
125
9709
13439
5843
5357
1228
81
13013
124
110
3620
11242
249
113
96
177
4089
7959
1401
200
9792
1310
1363
10600
5279
11046
9407
126
10630
9334
6775
11548
5196
7335
10524
113
13321
7758
53
1129
7483
208
9814
77
115
248
1807
1413
127
7764
137
55
163
1193
6111
5854
12863
1010
1369
10469
7699
1528
5520
13219
243
214
1207
47
70
5897
167
158
179
3042
1624
9047
8900
1527
12001
-58
8846
954
35
10047
7302
52
107
1129
1450
118
5700
9916
8339
6147
6785
4313
9936
915
13008
12572
77
1263
-53
-72
989
6730
10424
42
4212
138
4885
12178
9927
9569
1652
211
186
6550
105
12725
1111
6230
160
7566
25
128
12134
5617
1499
254
11913
199
5169
181
62
3532
123
7961
8446
7710
5149
1199
4746
10432
5603
6007
1335
9698
182
13739
13421
9588
1199
6178
10099
6852
70
10571
10862
9638
7604
120
5633
13244
9130
1187
13060
11320
274
13222
95
8590
10718
1416
11951
11005
3241
211
7716
239
1624
1125
1396
12878
11121
12428
189
1805
165
11405
1360
9652
13172
13528
11421
188
1618
6397
1217
11377
29
12010
1172
104
187
7037
8945
7603
10965
1522
179
13162
11632
6077
218
48
4871
181
7723
13294
1225
246
8209
10734
12519
5831
9847
326
1177
1251
77
117
5802
10167
1360
5712
182
66
161
3617
98
1431
6671
1509
12548
1161
1134
191
1382
7014
10692
4340
1545
48
180
7050
1372
10026
11283
10563
1549
1222
285
1368
5105
5429
71
247
10240
75
1397
1363
12716
1480
122
183
188
8323
13487
1316
10204
1653
13154
11469
209
1530
11293
77
10622
1249
208
957
11709
184
5063
3705
1422
7435
104
1692
8695
175
13
939
6188
1402
178
4160
13107
11427
191
944
73
9052
4860
124
1284
1606
8837
13528
10064
5389
10143
225
1316
120
6110
6098
6351
1578
119
1519
1138
8206
7488
1355
1333
5899
332
7440
1217
133
4723
3772
12297
1394
9767
1457
11995
140
1390
1224
1552
7422
1274
7212
270
10031
1042
13762
5049
1259
88
1432
63
5738
166
46
13684
10166
3503
55
6331
12507
10731
7422
1509
237
9478
153
4347
12868
61
13483
1048
7940
8776
1450
41
8365
7604
4078
1533
6043
10007
7652
6803
3897
1190
7148
131
100
1812
9491
10434
11084
11497
19
196
7113
7163
1337
6593
1307
11873
5929
40
6147
8
1140
1424
11255
125
9820
18
13250
1608
896
1590
195
5895
89
9882
7628
6564
1575
161
13164
11319
1515
1363
10363
85
135
12823
106
12786
5911
1366
49
6055
89
1533
1428
6611
12438
5149
8330
138
1550
1203
112
1319
1517
8121
9990
126
1504
12357
9505
7411
134
202
132
8569
10841
6681
4208
5905
9392
1624
158
3116
13034
1280
151
6651
272
8470
6937
1489
114
9779
9676
1443
41
9446
1108
124
13268
3723
1481
1407
156
254
10769
13020
196
7637
159
8178
4008
1513
200
13118
121
98
5918
195
144
1653
1324
13310
10806
103
89
76
1532
180
1221
1534
9953
959
9881
54
9965
234
191
12779
5613
11777
3680
13415
118
5867
1020
133
251
126
4807
1340
-36
1338
5589
5313
132
4581
151
1519
271
994
5453
9940
1342
6554
81
10210
219
196
12843
1293
125
1273
7893
93
222
136
9462
9951
244
4698
12218
2953
9786
1369
81
94
9833
12607
13832
157
6066
8897
4883
1375
154
12584
13045
7123
8507
5436
143
10602
7251
1384
165
5454
1637
7115
187
31
10260
6900
8011
1453
1492
4967
8605
12263
169
2809
55
211
8176
170
5980
12083
7633
13232
97
1238
1399
13266
8682
5896
27
13841
8180
177
246
6766
1650
9469
9127
9977
186
1179
210
143
1410
956
5836
9722
157
1455
4805
1405
122
1168
4674
162
10279
143
11408
6597
966
27
1433
8659
182
9651
9759
134
229
4698
1312
5786
12905
5139
4769
167
8282
179
8124
7677
212
989
163
298
8764
11791
120
252
1761
205
182
11443
10090
266
12611
767
1198
8980
1161
1548
4294
6894
7398
240
5709
1001
4757
8418
6917
74
1381
7648
13064
12933
1481
4632
2616
9005
4719
968
1353
13164
1508
214
1472
11421
5587
4774
1114
3549
4828
12437
10198
11307
6589
11857
12974
1384
1302
5683
4689
12758
5482
1321
1464
7187
202
11778
99
12831
11234
8462
1415
43
1393
11912
1724
3789
6944
1226
207
11978
48
12502
190
6679
12879
10686
4781
12874
8032
51
132
8054
4651
63
134
1177
10285
6815
127
11549
127
3835
9663
2959
6109
9092
13118
9036
3105
1504
117
74
1126
3592
12007
11050
10148
6201
6902
6085
6707
10861
4938
1361
9724
5199
8409
1056
4988
10068
12990
1202
1387
11203
7328
658
10462
10348
13253
3722
6110
8254
213
1363
209
5325
161
135
9219
165
4775
3324
127
9067
8426
4871
7321
682
4700
165
1550
8965
8781
6339
92
249
1016
10710
1658
132
11864
9284
10533
1159
8721
7787
918
3523
76
1338
138
83
82
4085
183
1431
142
4244
7338
9067
128
1498
11294
12934
9015
8598
9159
8699
13093
10188
1355
32
1625
8418
10916
1531
234
160
1654
10285
1445
13175
6157
1424
11359
1226
1320
1261
10699
1494
12540
206
193
171
1540
1188
124
13255
76
12770
8946
10355
187
1212
9490
10616
94
1639
1710
12669
9877
9150
177
1226
12711
1490
5409
23
1157
9455
69
9402
10357
1291
5484
7239
5069
50
1393
1335
6903
183
12781
8559
7990
12601
9915
10940
1497
41
174
3098
11025
59
1108
1360
2987
1410
1224
6729
12984
94
1239
1631
278
169
98
1117
9076
10410
9656
1220
13863
103
7594
1171
77
1318
1463
207
12593
1081
3114
220
928
7661
1103
192
13471
189
12181
11190
5907
12534
151
137
7948
1399
186
188
147
1391
11873
156
9566
1064
10975
237
11584
73
6008
191
122
174
7643
1277
188
1483
10697
8694
12949
12984
1335
1229
10811
7061
1650
115
5866
1380
10447
7386
1263
8273
130
1420
12744
138
1472
1393
296
4478
122
234
11590
70
80
219
195
1082
1247
-19
1570
1346
5040
5474
8367
1493
7947
9011
9337
1401
6449
12892
51
93
4530
10994
128
3678
3912
1759
7
11898
1061
84
3880
12011
1648
9364
11778
222
1472
6687
1492
11326
1420
1526
129
30
10991
8108
9721
146
11692
1436
82
1486
125
1292
7137
1497
1311
1410
1216
9997
12929
207
13001
1167
12176
5926
204
1219
190
995
4623
59
1499
13075
145
9834
7354
210
1303
107
121
11241
5243
68
11978
10138
13506
3913
1291
8283
4157
7645
10395
170
1582
277
5585
6991
7461
9039
8943
85
145
1026
12847
1233
180
1359
9113
1611
190
1236
1072
121
10330
9207
7581
115
128
85
11492
149
13206
13219
8374
168
7134
4013
5830
12788
13103
1565
111
202
150
1334
10189
102
3004
43
12527
7294
104
6425
7754
6747
184
163
1431
5854
52
1170
131
107
11680
1324
6881
999
1456
8338
169
13322
12582
9458
1302
1468
1405
10487
9282
5393
1555
9597
162
1564
7079
12026
8017
169
7380
5478
122
1011
6714
10027
1364
11945
267
13507
1277
1575
82
9078
12845
136
184
12785
10563
10530
1800
-34
17
6601
1503
13401
6864
8600
111
172
7178
10600
11228
13420
-2
115
1318
1321
12929
3461
7391
169
7143
247
11407
9779
1380
1518
1544
959
1369
1479
1632
8562
180
11346
1250
1415
146
8267
167
11768
13624
9361
5647
144
133
159
6779
4121
3772
5
1211
8358
10118
7733
140
1589
6319
1370
3611
137
5532
9866
11489
8584
1620
1592
1305
9675
8330
1384
8994
10428
199
7369
1357
12968
4146
11206
11333
1393
11912
4
1253
212
1333
127
9983
8633
5323
1353
7409
242
1068
10759
5189
1543
11605
1366
1535
12068
12672
135
1456
1295
118
7079
3637
1324
12433
1748
84
9890
1122
4016
6957
190
141
9171
150
1197
1256
139
123
6118
1426
171
1327
5626
151
188
238
9839
6017
11212
9667
1227
1386
13827
10240
7912
168
1231
8016
1268
1402
8919
164
1464
1265
196
1518
6735
244
5119
12002
11814
5827
7703
6629
10659
8925
1230
20
1118
1304
4881
1507
1475
1246
143
6054
214
151
1476
54
8642
4764
8119
10086
1381
1162
240
7563
13054
1509
1337
1587
210
12528
6012
120
1117
8857
13483
43
3529
1362
10444
189
1287
180
12944
135
55
1258
5931
1096
9747
1268
8250
88
10263
134
12688
12689
7069
9596
12091
5769
161
8628
1243
5575
270
13094
8911
1539
962
7408
5300
1172
13165
1450
216
97
11561
1500
1464
140
8293
165
3607
8772
9911
1380
1645
10
11320
1100
91
112
1133
7901
13460
12916
13271
172
1306
11699
173
9874
12461
1237
1319
10108
8471
33
9398
12825
1169
8417
921
4804
7946
1047
3507
991
81
1210
1042
217
6223
1325
1325
9105
217
143
1339
181
134
11236
10772
190
1347
8053
89
6596
1170
1387
3671
134
9170
4901
815
7243
1426
11915
13256
128
1869
1259
10357
3632
141
3481
12424
7885
1596
83
12153
114
4563
13591
150
109
136
997
1408
4235
74
1102
11182
7658
300
1470
1108
204
1014
3246
11713
7629
13391
1380
8793
10825
1376
8603
13484
8806
9548
7708
12486
10602
7055
168
12138
1040
8477
1178
12690
73
1527
9384
13252
1450
120
12754
1
1160
65
203
12630
10445
1028
148
266
1310
13125
115
13414
7717
7887
13392
5320
95
105
5920
13785
10125
35
232
193
9834
6197
1091
192
6445
4136
344
9359
12409
9115
7803
286
13223
1377
13874
8624
6432
12736
1695
10141
10139
112
1171
1301
9096
222
1221
11966
9637
4982
1622
139
2689
6498
157
4402
163
8087
5864
6993
7169
1180
4362
1419
7668
15
12355
11526
194
4964
1305
10491
1713
54
7832
12004
1261
6103
4966
22
5652
3044
8489
9168
8703
8920
7857
121
5107
208
1282
176
200
1267
153
3507
3886
111
8393
993
1080
10119
127
57
10146
19
9431
13288
54
7333
9206
1682
6421
13349
3639
5530
1291
1133
276
240
13862
212
136
1526
112
136
9091
169
8154
7916
1364
4217
118
158
1515
1096
268
-26
963
8279
13124
7834
143
7620
11111
9891
8688
7816
13493
1255
3683
93
9146
102
11656
211
6083
111
8492
49
1046
11529
11810
7587
5930
4146
169
143
1229
141
9081
938
6751
3816
138
219
150
1164
1107
12690
8707
1476
7460
4631
13173
113
174
11571
223
91
9409
5325
230
169
68
12138
77
13245
1558
12953
10506
13762
4584
59
8047
160
7178
12417
1709
1428
12755
1524
12753
163
4400
1087
12526
989
4788
5795
5006
13559
6859
3876
9867
1337
4
11768
12778
67
147
209
4863
13760
13902
823
-1
209
153
5117
127
108
63
29
13477
5872
7000
10541
13366
179
1137
1200
1410
110
4847
160
12524
9595
7619
3879
11948
10986
9764
13797
7699
11231
226
1459
12756
1104
151
1784
12132
10532
8604
6004
5175
1549
8167
1458
1421
3948
4912
160
96
194
4278
8122
4529
1352
190
4139
65
10782
13227
3524
1251
1668
6595
13239
180
1458
118
1490
151
10233
11074
1355
100
161
1228
9698
1522
1468
11217
9120
869
4434
1267
206
5923
1344
1223
10392
1336
7805
1292
656
9851
1530
7398
1469
10943
5677
7092
137
163
7213
1010
1383
1100
9216
6141
1252
1252
6305
1478
4572
46
4989
199
3773
4237
13127
11823
116
10201
24
10025
224
5374
12165
150
12680
8324
110
87
129
5603
10015
187
156
1182
10516
1141
1041
177
11192
7163
6327
13446
12822
8009
10162
1261
11085
12577
13947
1493
11212
7736
3550
122
7643
13494
11600
47
1013
18
154
6382
155
5021
156
7277
179
249
1225
3740
9766
11762
1365
1073
10481
10457
141
11464
4334
1101
1571
10564
10199
6537
3660
3932
107
3946
94
170
11287
242
5982
1562
165
6781
5666
9617
12503
962
5213
8125
202
11744
84
8674
82
1201
9983
1544
12808
1344
1160
9724
3371
78
53
7180
1456
140
10101
4790
13659
1374
1383
13775
1324
1727
12558
10124
1268
129
1201
1662
10558
77
5
10152
986
108
1563
6111
12379
1279
1319
4401
10117
96
926
1306
12290
145
1349
4187
84
1191
1586
7681
10550
145
172
273
1435
1406
1361
1519
5536
52
10067
112
214
9670
9330
1452
1486
6923
1538
13097
1309
1329
4918
1495
5327
11815
214
67
141
7306
94
13566
4812
128
10530
1021
1236
12911
185
1458
71
2942
186
9234
292
11797
1418
6474
1345
6839
168
5824
10051
10182
1506
1376
5450
12779
275
207
10901
1488
9581
13253
1279
11256
5648
1348
107
13537
4252
6601
1080
13469
177
6854
1463
957
1555
1391
12403
168
11128
6778
10849
944
109
9996
1693
13776
6324
8915
4967
1384
97
12580
173
222
10247
13033
7088
1485
8204
4718
9804
104
1215
10556
1648
132
3806
122
11872
7209
7927
5554
7959
13606
10169
92
120
-20
1231
1254
7238
12831
13211
216
906
6178
6837
12814
145
4912
131
1269
6399
9010
123
9761
1160
9342
158
1579
7107
146
13017
9392
10409
132
1181
3705
7779
1073
12231
12648
9583
12892
2994
6042
13955
205
74
11037
3917
12493
9564
4751
9327
5159
833
7628
9021
11669
10101
12151
7745
10237
1221
5512
1509
1402
4597
1519
10668
4328
120
66
10898
8849
170
140
157
136
12465
1257
199
7
5946
1287
12858
3758
13861
7799
208
240
1307
219
4004
5755
4859
7980
8460
10452
6768
1461
11482
1537
126
201
128
4174
8220
1357
1517
243
7840
1528
12760
178
10814
124
13094
10915
13032
10
169
6887
1289
10306
7833
1377
6163
1201
12289
164
182
12034
1091
13702
9356
1508
127
102
161
78
10422
224
1184
8313
6829
1276
8400
1639
12965
103
8648
12292
973
178
10038
13150
13049
183
11157
1369
93
1548
173
173
7928
1288
11302
6906
9029
8004
10257
212
207
126
-8
1211
1330
3870
108
59
6732
12254
6838
102
5239
84
13117
13189
10866
112
8187
1305
9400
10456
4136
10644
1416
119
156
184
12473
136
170
10627
13503
42
1178
5728
797
1305
6915
6278
6053
12353
6736
1668
3441
1518
136
5960
9147
8714
1356
4220
12176
1270
9752
11354
7689
88
11174
5814
4695
13164
1297
3871
6484
109
173
9758
8017
8482
1322
1420
12815
161
11731
123
65
11022
1087
1331
13285
1593
9383
11580
13485
13143
11873
12259
229
13892
12383
9881
12718
140
134
9036
6545
5119
85
40
135
13390
5443
127
13269
6743
12034
12971
141
4772
214
189
77
1065
7016
4139
4026
4138
6490
4725
7135
225
6644
73
1156
1174
248
4743
1310
8090
5277
7350
8996
6095
11315
12014
176
7537
147
8809
5843
8147
13453
9866
13815
1171
4722
12143
9040
5108
11225
173
13286
177
12991
12505
103
13423
1325
1497
8040
85
9845
13865
3612
1323
13204
188
160
6128
8466
8984
51
1350
195
1019
1483
11639
103
926
126
218
1256
12948
13165
1262
1184
69
200
6160
59
1446
121
1432
6199
4369
212
1344
9398
1071
79
12872
295
130
12908
5603
4719
11007
9558
12964
25
104
1234
1589
1332
127
69
1160
1035
191
1196
9893
1299
138
1196
9413
7996
33
97
58
5386
12648
69
8782
11326
8428
143
12599
12562
96
98
60
244
8037
11677
7875
1123
6113
100
13246
10998
1160
1530
87
11955
10563
1299
1128
4661
1540
1308
4000
1458
839
96
9587
12294
5624
149
-6
1108
91
1623
90
6997
9807
6156
7862
1237
153
954
10648
9563
9840
107
9802
14018
13602
55
13320
1299
9584
201
160
9331
131
7626
178
10595
959
1311
12115
8815
1071
142
1490
122
1451
1263
5233
125
9745
10847
150
-6
985
1132
105
13344
9992
4874
13441
1401
12750
145
13339
7782
10834
91
7420
80
7595
10994
5820
5936
103
11973
9112
41
8624
8953
1244
98
239
7288
16
1207
1717
7209
108
12867
897
132
1212
219
988
1123
107
1438
7911
12525
5513
1009
4777
1308
193
11043
1178
12028
8119
9080
921
7636
5181
1459
11435
11592
12761
7131
1498
146
9129
10697
127
181
3253
1592
5413
4395
3289
8449
10205
12255
1342
155
105
204
9578
295
219
5218
9875
9082
11915
8096
126
5975
3854
9465
271
110
1296
14
9647
7050
1361
165
1602
138
6915
136
8116
162
9103
107
1378
9209
8604
156
1542
10054
20
122
13166
9976
13499
29
6148
1318
12692
9448
14
230
1550
156
5485
1170
9530
179
3306
7422
1572
10419
13127
7981
151
13067
12937
12446
78
1173
12891
7184
11276
1247
12189
132
12017
123
10928
8502
4772
1
13313
6757
276
12041
239
1198
11064
1155
10737
144
4565
1269
160
12891
202
265
13374
13502
104
12328
238
9511
1047
10973
12353
173
191
11716
10020
16
1773
165
11049
25
5591
10440
10034
25
114
13285
121
1292
8700
145
195
10053
13483
153
1294
1366
1059
1292
188
10852
129
4741
151
8433
10143
13116
1509
4843
6690
7119
1386
224
1202
12006
12709
13060
5585
244
6594
168
942
1306
7270
27
12006
136
10081
12762
6531
10782
3159
9954
1384
10682
4699
1419
1385
183
9578
12984
8932
1163
3898
4934
11506
285
196
888
5751
9170
4799
9844
198
137
9058
9105
-30
8440
9517
1327
5522
8449
1502
6455
94
12844
12921
10192
8688
10447
12664
235
7779
10598
1540
8
4801
7679
9288
180
11110
12267
6031
146
189
1554
104
1084
7633
8502
12439
111
1457
6693
1518
1469
7142
13585
2838
7092
170
13010
6519
247
1443
4758
3854
6323
8488
8592
91
5245
1275
266
1238
13900
87
240
243
4205
197
127
4010
1438
4091
13035
6620
102
4697
261
153
8542
3370
4933
110
13373
10499
8864
1569
11776
157
1790
7397
8193
10447
8896
132
109
1743
181
198
9100
6775
1298
12903
6011
125
9959
7618
3766
8119
49
6863
220
137
1418
1432
9022
11664
132
205
12119
1336
1231
8599
9437
12569
9502
1494
1347
189
216
9114
1480
10
1075
7261
1350
276
1195
3136
10376
1398
1313
1494
9000
10594
1286
291
12813
4814
6953
6950
12823
7276
90
5890
13852
1627
45
184
148
141
200
1162
208
5017
1115
8979
144
7226
5246
12686
10877
1610
206
141
13452
13446
8413
1648
1072
1193
11472
12641
1422
12601
9364
7986
6496
9951
8226
136
1044
12075
11247
175
36
1328
12696
10654
10744
9813
1096
10468
13958
10650
3067
121
1245
3644
11383
8214
9787
1149
153
1259
12240
10431
1370
12645
8921
1218
8371
10017
8527
1177
1415
13354
10275
152
8138
10891
1465
5859
6891
11221
4242
203
4774
6747
12803
122
1282
119
4505
5651
106
12392
7366
150
1322
7794
230
115
12733
6676
1160
6055
10616
1346
169
1484
7832
49
12825
202
1422
1247
190
10283
1140
971
1520
7565
198
1249
10895
121
990
172
8272
4642
209
13199
118
12931
6012
9332
8048
8265
5947
3369
8177
4882
80
180
1468
1512
1348
1266
1155
1138
1238
1265
1029
209
9438
228
10264
217
1450
7672
1503
6059
1257
172
1140
6813
5190
11224
9230
1148
6847
79
10694
13590
1372
1477
904
1214
13014
5906
6063
9850
70
11478
10522
6935
5137
8300
13057
1028
12693
8932
9253
162
213
8354
128
171
2
1328
6809
1204
1424
81
5979
172
8647
8858
9280
1743
11194
253
1571
8965
12576
44
1370
142
1453
1065
1559
12596
6331
1463
257
9756
9437
1085
12723
1886
9412
209
9706
216
8758
1362
11026
1094
1565
55
1324
1018
1619
6029
9638
9450
1551
12973
171
212
107
9152
960
4679
167
12000
97
8916
1461
7625
11502
6652
12926
6091
5949
4843
144
186
12484
11099
1201
12890
11520
8816
1138
3585
6901
5888
5701
4479
1270
9531
4559
13149
1048
1117
12754
210
12184
6072
-1
13010
1239
1473
12398
11903
1129
12857
13173
5023
11864
10983
8596
1065
4859
6004
3
-27
1167
131
210
13067
5082
6379
7804
1444
1166
4237
6234
3878
11755
199
99
10698
10846
11291
4927
5159
3849
12615
8241
7331
5595
11164
11483
4315
11346
9139
134
10087
10014
13051
9870
9468
9378
190
95
10460
5289
1366
87
1451
131
225
7461
1651
1363
1299
1513
11623
1354
159
4815
8584
1210
7778
97
11273
9739
5429
6278
45
1408
3863
1421
140
12603
1424
9723
199
130
8102
5967
79
9010
10397
1000
91
13624
8651
12325
8932
8069
177
13766
3844
11003
8508
7821
206
1476
5617
177
244
6326
1398
7476
101
1537
1790
130
2773
214
9619
196
5518
126
169
6914
4779
10102
101
75
5034
1245
227
12784
1379
1500
9073
6509
11151
1125
7838
7137
13473
122
11795
5434
9481
14025
9758
13209
7903
11383
180
13197
7921
13187
108
4600
176
12694
5983
4151
1407
43
1527
102
13457
9272
6713
1109
4049
6705
1242
9761
8941
176
1663
8599
131
11680
194
11168
136
6104
8386
1523
1230
4923
13077
5354
1171
106
1567
1121
5214
1544
12488
246
8703
60
134
1288
1222
5500
5978
6570
4612
6793
1401
1137
6
220
77
7651
9355
147
5602
1158
74
1624
957
47
73
12316
169
139
22
9665
1354
11626
217
12094
1713
10903
4244
220
7942
9197
4553
102
8648
10868
9257
227
222
1340
938
1343
1486
10549
11392
83
1503
4026
8887
4225
189
7045
120
9668
13481
903
4397
6163
1243
8437
11400
89
189
4762
6168
1269
13687
10697
9477
190
129
146
1392
1249
96
1501
12827
132
7837
1471
7199
6089
1260
11359
1477
117
11219
10756
151
1453
5887
171
1107
10172
12741
7901
76
1491
13431
6564
1163
220
12415
1442
1419
10884
4815
3795
5951
241
1371
11440
12240
7263
8484
6073
12550
13542
8509
11596
41
8855
10239
5503
9846
12421
8273
11218
9181
12129
13310
8731
202
5758
1382
10043
8176
8015
9146
9125
1485
225
207
8303
10976
62
145
9793
10110
12398
1366
6634
7495
12594
12902
10267
5629
1674
1335
11380
10248
13167
6612
1372
1407
8514
1110
224
9686
13083
1077
1620
11876
10006
13083
150
12282
7214
74
102
108
1268
9932
9448
6312
1351
187
64
8544
1355
9114
1452
143
1330
5414
6575
10135
12708
10216
1157
189
6032
11087
-29
159
11917
1432
104
1342
9687
5438
1293
144
251
10363
1120
5905
13229
3783
1229
3528
5924
1573
1759
152
7975
11890
13177
12714
7645
215
8803
5060
50
1534
8866
1036
88
10273
7454
6934
38
5552
12883
35
13774
3739
7657
156
98
76
7619
13586
1365
5202
5115
4994
1131
12977
100
8853
1068
102
1135
10708
7097
1095
1488
7051
186
13143
120
6668
5894
7459
1374
10123
5675
7204
1762
8681
4399
145
170
9542
1459
143
13029
212
1394
12531
28
11889
9464
170
10227
1580
8219
8425
1360
13585
268
7603
169
10188
13846
11254
7858
189
969
3182
198
5526
13361
1604
13022
9599
1752
9615
13175
1526
153
13801
12477
763
7055
1081
3954
12961
877
5437
4701
9383
12904
13016
153
1476
1175
13421
139
53
1309
11053
1662
143
3980
1202
82
258
6805
11614
12403
5656
9475
12148
8485
45
9193
8906
5567
4497
152
6089
76
176
1728
204
5790
11320
11969
7141
8992
196
5590
9928
152
12053
12803
3876
1177
6798
149
3153
109
1369
1360
208
4814
20
9606
6022
7700
13188
8570
10346
1252
7115
7952
6969
1521
1480
9066
1500
1485
1580
1491
1252
12867
13505
211
90
10983
1330
1229
5951
1459
13122
5504
13223
1308
1336
5092
10075
32
10501
1172
11364
5539
90
11095
6079
9396
1375
1187
9301
112
1298
9599
5085
12755
9174
4268
1792
132
8961
1388
1516
1444
12631
162
293
110
1041
33
1173
10281
159
140
-55
10756
7016
1074
5292
10836
7580
6284
