1444
29
1295
1204
5553
1198
5856
5253
5845
5253
5533
5774
1026
-42
5670
28
1469
150
1441
1364
8646
5592
5294
5359
5431
1320
5600
1337
1433
5414
4533
10082
147
8923
1311
6383
5428
5280
1177
5563
81
4758
5171
5690
5401
5842
1414
5182
-51
5239
9632
6071
5570
5308
1210
5004
5287
5291
103
5579
5308
1036
4433
5313
6766
5547
4342
-54
4615
1437
5190
1614
4822
5200
5551
5571
5492
8892
5568
5257
1587
213
5641
3542
5793
4972
6872
4
4777
4813
4705
12504
1570
5330
5204
5271
4115
4822
5909
4715
1444
29
1295
1204
5553
1198
5856
5253
5845
5253
5533
5774
1026
-42
5670
28
1469
150
1441
1364
8646
5592
5294
5359
5431
1320
5600
1337
1433
5414
4533
10082
147
8923
1311
6383
5428
5280
1177
5563
81
4758
5171
5690
5401
5842
1414
5182
-51
5239
9632
6071
5570
5308
1210
5004
5287
5291
103
5579
5308
1036
4433
5313
6766
5547
4342
-54
4615
1437
5190
1614
4822
5200
5551
5571
5492
8892
5568
5257
1587
213
5641
3542
5793
4972
6872
4
4777
4813
4705
12504
1570
5330
5204
5271
4115
4822
5909
4715
1444
29
1295
1204
5553
1198
5856
5253
5845
5253
5533
5774
1026
-42
5670
28
1469
150
1441
1364
8646
5592
5294
5359
5431
1320
5600
1337
1433
5414
4533
10082
147
8923
1311
6383
5428
5280
1177
5563
81
4758
5171
5690
5401
5842
1414
5182
-51
5239
9632
6071
5570
5308
1210
5004
5287
5291
103
5579
5308
1036
4433
5313
6766
5547
4342
-54
4615
1437
5190
1614
4822
5200
5551
5571
5492
8892
5568
5257
1587
213
5641
3542
5793
4972
6872
4
4777
4813
4705
12504
1570
5330
5204
5271
4115
4822
5909
4715
1444
29
1295
1204
5553
1198
5856
5253
5845
5253
5533
5774
1026
-42
5670
28
1469
150
1441
1364
8646
5592
5294
5359
5431
1320
5600
1337
1433
5414
4533
10082
147
8923
1311
6383
5428
5280
1177
5563
81
4758
5171
5690
5401
5842
1414
5182
-51
5239
9632
6071
5570
5308
1210
5004
5287
5291
103
5579
5308
1036
4433
5313
6766
5547
4342
-54
4615
1437
5190
1614
4822
5200
5551
5571
5492
8892
5568
5257
1587
213
5641
3542
5793
4972
6872
4
4777
4813
4705
12504
1570
5330
5204
5271
4115
4822
5909
4715
1444
29
1295
1204
5553
1198
5856
5253
5845
5253
5533
5774
1026
-42
5670
28
1469
150
1441
1364
8646
5592
5294
5359
5431
1320
5600
1337
1433
5414
4533
10082
147
8923
1311
6383
5428
5280
1177
5563
81
4758
5171
5690
5401
5842
1414
5182
-51
5239
9632
6071
5570
5308
1210
5004
5287
5291
103
5579
5308
1036
4433
5313
6766
5547
4342
-54
4615
1437
5190
1614
4822
5200
5551
5571
5492
8892
5568
5257
1587
213
5641
3542
5793
4972
6872
4
4777
4813
4705
12504
1570
5330
5204
5271
4115
4822
5909
4715
1444
29
1295
1204
5553
1198
5856
5253
5845
5253
5533
5774
1026
-42
5670
28
1469
150
1441
1364
8646
5592
5294
5359
5431
1320
5600
1337
1433
5414
4533
10082
147
8923
1311
6383
5428
5280
1177
5563
81
4758
5171
5690
5401
5842
1414
5182
-51
5239
9632
6071
5570
5308
1210
5004
5287
5291
103
5579
5308
1036
4433
5313
6766
5547
4342
-54
4615
1437
5190
1614
4822
5200
5551
5571
5492
8892
5568
5257
1587
213
5641
3542
5793
4972
6872
4
4777
4813
4705
12504
1570
5330
5204
5271
4115
4822
5909
4715
1444
29
1295
1204
5553
1198
5856
5253
5845
5253
5533
5774
1026
-42
5670
28
1469
150
1441
1364
8646
5592
5294
5359
5431
1320
5600
1337
1433
5414
4533
10082
147
8923
1311
6383
5428
5280
1177
5563
81
4758
5171
5690
5401
5842
1414
5182
-51
5239
9632
6071
5570
5308
1210
5004
5287
5291
103
5579
5308
1036
4433
5313
6766
5547
4342
-54
4615
1437
5190
1614
4822
5200
5551
5571
5492
8892
5568
5257
1587
213
5641
3542
5793
4972
6872
4
4777
4813
4705
12504
1570
5330
5204
5271
4115
4822
5909
4715
1444
29
1295
1204
5553
1198
5856
5253
5845
5253
5533
5774
1026
-42
5670
28
1469
150
1441
1364
8646
5592
5294
5359
5431
1320
5600
1337
1433
5414
4533
10082
147
8923
1311
6383
5428
5280
1177
5563
81
4758
5171
5690
5401
5842
1414
5182
-51
5239
9632
6071
5570
5308
1210
5004
5287
5291
103
5579
5308
1036
4433
5313
6766
5547
4342
-54
4615
1437
5190
1614
4822
5200
5551
5571
5492
8892
5568
5257
1587
213
5641
3542
5793
4972
6872
4
4777
4813
4705
12504
1570
5330
5204
5271
4115
4822
5909
4715
1444
29
1295
1204
5553
1198
5856
5253
5845
5253
5533
5774
1026
-42
5670
28
1469
150
1441
1364
8646
5592
5294
5359
5431
1320
5600
1337
1433
5414
4533
10082
147
8923
1311
6383
5428
5280
1177
5563
81
4758
5171
5690
5401
5842
1414
5182
-51
5239
9632
6071
5570
5308
1210
5004
5287
5291
103
5579
5308
1036
4433
5313
6766
5547
4342
-54
4615
1437
5190
1614
4822
5200
5551
5571
5492
8892
5568
5257
1587
213
5641
3542
5793
4972
6872
4
4777
4813
4705
12504
1570
5330
5204
5271
4115
4822
5909
4715
1444
29
1295
1204
5553
1198
5856
5253
5845
5253
5533
5774
1026
-42
5670
28
1469
150
1441
1364
8646
5592
5294
5359
5431
1320
5600
1337
1433
5414
4533
10082
147
8923
1311
6383
5428
5280
1177
5563
81
4758
5171
5690
5401
5842
1414
5182
-51
5239
9632
6071
5570
5308
1210
5004
5287
5291
103
5579
5308
1036
4433
5313
6766
5547
4342
-54
4615
1437
5190
1614
4822
5200
5551
5571
5492
8892
5568
5257
1587
213
5641
3542
5793
4972
6872
4
4777
4813
4705
12504
1570
5330
5204
5271
4115
4822
5909
4715
1444
29
1295
1204
5553
1198
5856
5253
5845
5253
5533
5774
1026
-42
5670
28
1469
150
1441
1364
8646
5592
5294
5359
5431
1320
5600
1337
1433
5414
4533
10082
147
8923
1311
6383
5428
5280
1177
5563
81
4758
5171
5690
5401
5842
1414
5182
-51
5239
9632
6071
5570
5308
1210
5004
5287
5291
103
5579
5308
1036
4433
5313
6766
5547
4342
-54
4615
1437
5190
1614
4822
5200
5551
5571
5492
8892
5568
5257
1587
213
5641
3542
5793
4972
6872
4
4777
4813
4705
12504
1570
5330
5204
5271
4115
4822
5909
4715
1444
29
1295
1204
5553
1198
5856
5253
5845
5253
5533
5774
1026
-42
5670
28
1469
150
1441
1364
8646
5592
5294
5359
5431
1320
5600
1337
1433
5414
4533
10082
147
8923
1311
6383
5428
5280
1177
5563
81
4758
5171
5690
5401
5842
1414
5182
-51
5239
9632
6071
5570
5308
1210
5004
5287
5291
103
5579
5308
1036
4433
5313
6766
5547
4342
-54
4615
1437
5190
1614
4822
5200
5551
5571
5492
8892
5568
5257
1587
213
5641
3542
5793
4972
6872
4
4777
4813
4705
12504
1570
5330
5204
5271
4115
4822
5909
4715
1444
29
1295
1204
5553
1198
5856
5253
5845
5253
5533
5774
1026
-42
5670
28
1469
150
1441
1364
8646
5592
5294
5359
5431
1320
5600
1337
1433
5414
4533
10082
147
8923
1311
6383
5428
5280
1177
5563
81
4758
5171
5690
5401
5842
1414
5182
-51
5239
9632
6071
5570
5308
1210
5004
5287
5291
103
5579
5308
1036
4433
5313
6766
5547
4342
-54
4615
1437
5190
1614
4822
5200
5551
5571
5492
8892
5568
5257
1587
213
5641
3542
5793
4972
6872
4
4777
4813
4705
12504
1570
5330
5204
5271
4115
4822
5909
4715
1444
29
1295
1204
5553
1198
5856
5253
5845
5253
5533
5774
1026
-42
5670
28
1469
150
1441
1364
8646
5592
5294
5359
5431
1320
5600
1337
1433
5414
4533
10082
147
8923
1311
6383
5428
5280
1177
5563
81
4758
5171
5690
5401
5842
1414
5182
-51
5239
9632
6071
5570
5308
1210
5004
5287
5291
103
5579
5308
1036
4433
5313
6766
5547
4342
-54
4615
1437
5190
1614
4822
5200
5551
5571
5492
8892
5568
5257
1587
213
5641
3542
5793
4972
6872
4
4777
4813
4705
12504
1570
5330
5204
5271
4115
4822
5909
4715
1444
29
1295
1204
5553
1198
5856
5253
5845
5253
5533
5774
1026
-42
5670
28
1469
150
1441
1364
8646
5592
5294
5359
5431
1320
5600
1337
1433
5414
4533
10082
147
8923
1311
6383
5428
5280
1177
5563
81
4758
5171
5690
5401
5842
1414
5182
-51
5239
9632
6071
5570
5308
1210
5004
5287
5291
103
5579
5308
1036
4433
5313
6766
5547
4342
-54
4615
1437
5190
1614
4822
5200
5551
5571
5492
8892
5568
5257
1587
213
5641
3542
5793
4972
6872
4
4777
4813
4705
12504
1570
5330
5204
5271
4115
4822
5909
4715
1444
29
1295
1204
5553
1198
5856
5253
5845
5253
5533
5774
1026
-42
5670
28
1469
150
1441
1364
8646
5592
5294
5359
5431
1320
5600
1337
1433
5414
4533
10082
147
8923
1311
6383
5428
5280
1177
5563
81
4758
5171
5690
5401
5842
1414
5182
-51
5239
9632
6071
5570
5308
1210
5004
5287
5291
103
5579
5308
1036
4433
5313
6766
5547
4342
-54
4615
1437
5190
1614
4822
5200
5551
5571
5492
8892
5568
5257
1587
213
5641
3542
5793
4972
6872
4
4777
4813
4705
12504
1570
5330
5204
5271
4115
4822
5909
4715
1444
29
1295
1204
5553
1198
5856
5253
5845
5253
5533
5774
1026
-42
5670
28
1469
150
1441
1364
8646
5592
5294
5359
5431
1320
5600
1337
1433
5414
4533
10082
147
8923
1311
6383
5428
5280
1177
5563
81
4758
5171
5690
5401
5842
1414
5182
-51
5239
9632
6071
5570
5308
1210
5004
5287
5291
103
5579
5308
1036
4433
5313
6766
5547
4342
-54
4615
1437
5190
1614
4822
5200
5551
5571
5492
8892
5568
5257
1587
213
5641
3542
5793
4972
6872
4
4777
4813
4705
12504
1570
5330
5204
5271
4115
4822
5909
4715
1444
29
1295
1204
5553
1198
5856
5253
5845
5253
5533
5774
1026
-42
5670
28
1469
150
1441
1364
8646
5592
5294
5359
5431
1320
5600
1337
1433
5414
4533
10082
147
8923
1311
6383
5428
5280
1177
5563
81
4758
5171
5690
5401
5842
1414
5182
-51
5239
9632
6071
5570
5308
1210
5004
5287
5291
103
5579
5308
1036
4433
5313
6766
5547
4342
-54
4615
1437
5190
1614
4822
5200
5551
5571
5492
8892
5568
5257
1587
213
5641
3542
5793
4972
6872
4
4777
4813
4705
12504
1570
5330
5204
5271
4115
4822
5909
4715
1444
29
1295
1204
5553
1198
5856
5253
5845
5253
5533
5774
1026
-42
5670
28
1469
150
1441
1364
8646
5592
5294
5359
5431
1320
5600
1337
1433
5414
4533
10082
147
8923
1311
6383
5428
5280
1177
5563
81
4758
5171
5690
5401
5842
1414
5182
-51
5239
9632
6071
5570
5308
1210
5004
5287
5291
103
5579
5308
1036
4433
5313
6766
5547
4342
-54
4615
1437
5190
1614
4822
5200
5551
5571
5492
8892
5568
5257
1587
213
5641
3542
5793
4972
6872
4
4777
4813
4705
12504
1570
5330
5204
5271
4115
4822
5909
4715
1444
29
1295
1204
5553
1198
5856
5253
5845
5253
5533
5774
1026
-42
5670
28
1469
150
1441
1364
8646
5592
5294
5359
5431
1320
5600
1337
1433
5414
4533
10082
147
8923
1311
6383
5428
5280
1177
5563
81
4758
5171
5690
5401
5842
1414
5182
-51
5239
9632
6071
5570
5308
1210
5004
5287
5291
103
5579
5308
1036
4433
5313
6766
5547
4342
-54
4615
1437
5190
1614
4822
5200
5551
5571
5492
8892
5568
5257
1587
213
5641
3542
5793
4972
6872
4
4777
4813
4705
12504
1570
5330
5204
5271
4115
4822
5909
4715
1444
29
1295
1204
5553
1198
5856
5253
5845
5253
5533
5774
1026
-42
5670
28
1469
150
1441
1364
8646
5592
5294
5359
5431
1320
5600
1337
1433
5414
4533
10082
147
8923
1311
6383
5428
5280
1177
5563
81
4758
5171
5690
5401
5842
1414
5182
-51
5239
9632
6071
5570
5308
1210
5004
5287
5291
103
5579
5308
1036
4433
5313
6766
5547
4342
-54
4615
1437
5190
1614
4822
5200
5551
5571
5492
8892
5568
5257
1587
213
5641
3542
5793
4972
6872
4
4777
4813
4705
12504
1570
5330
5204
5271
4115
4822
5909
4715
5051
1414
4779
5028
10582
5287
5052
4932
673
5992
5940
5001
9235
-26
5441
1236
6977
3437
4367
942
4879
14421
169
840
1502
1323
3639
5653
5277
1093
-6
5322
4777
1311
5176
5477
4508
1220
4249
4942
9143
1381
5663
5422
5675
4951
5307
4934
1292
5377
5568
4182
5577
216
5796
1321
5072
5045
5377
5068
6271
5087
6014
5294
9154
4536
5468
1324
1056
5066
170
1424
5128
6181
4699
91
4937
961
1293
10139
5540
1454
5056
4007
5627
5868
1114
5185
1198
1118
5227
7217
5335
75
5250
1380
5088
4951
1446
3687
5830
5527
1089
5699
1365
1228
5790
4921
5345
5610
5528
5160
1076
5321
5569
940
4704
7373
5872
-12
5812
946
5558
4737
5018
5211
5173
5639
5359
4274
5293
5240
1214
963
8206
1142
5417
1292
1551
5662
1214
1479
3623
5265
5698
134
4572
4676
145
1365
5871
4902
5467
7161
1317
1288
4868
7325
4950
4253
1390
5857
4271
1581
1412
0
4729
14136
1668
5707
4797
5509
4713
5734
5140
4801
223
1617
5874
1410
4887
1195
5532
5118
1061
5416
68
5727
4814
11930
9679
5326
5011
5028
5987
5022
1192
4933
5158
5264
1444
29
1295
1204
5553
1198
5856
5253
5845
5253
5533
5774
1026
-42
5670
28
1469
150
1441
1364
8646
5592
5294
5359
5431
1320
5600
1337
1433
5414
4533
10082
147
8923
1311
6383
5428
5280
1177
5563
81
4758
5171
5690
5401
5842
1414
5182
-51
5239
9632
6071
5570
5308
1210
5004
5287
5291
103
5579
5308
1036
4433
5313
6766
5547
4342
-54
4615
1437
5190
1614
4822
5200
5551
5571
5492
8892
5568
5257
1587
213
5641
3542
5793
4972
6872
4
4777
4813
4705
12504
1570
5330
5204
5271
4115
4822
5909
4715
1444
29
1295
1204
5553
1198
5856
5253
5845
5253
5533
5774
1026
-42
5670
28
1469
150
1441
1364
8646
5592
5294
5359
5431
1320
5600
1337
1433
5414
4533
10082
147
8923
1311
6383
5428
5280
1177
5563
81
4758
5171
5690
5401
5842
1414
5182
-51
5239
9632
6071
5570
5308
1210
5004
5287
5291
103
5579
5308
1036
4433
5313
6766
5547
4342
-54
4615
1437
5190
1614
4822
5200
5551
5571
5492
8892
5568
5257
1587
213
5641
3542
5793
4972
6872
4
4777
4813
4705
12504
1570
5330
5204
5271
4115
4822
5909
4715
1444
29
1295
1204
5553
1198
5856
5253
5845
5253
5533
5774
1026
-42
5670
28
1469
150
1441
1364
8646
5592
5294
5359
5431
1320
5600
1337
1433
5414
4533
10082
147
8923
1311
6383
5428
5280
1177
5563
81
4758
5171
5690
5401
5842
1414
5182
-51
5239
9632
6071
5570
5308
1210
5004
5287
5291
103
5579
5308
1036
4433
5313
6766
5547
4342
-54
4615
1437
5190
1614
4822
5200
5551
5571
5492
8892
5568
5257
1587
213
5641
3542
5793
4972
6872
4
4777
4813
4705
12504
1570
5330
5204
5271
4115
4822
5909
4715
1444
29
1295
1204
5553
1198
5856
5253
5845
5253
5533
5774
1026
-42
5670
28
1469
150
1441
1364
8646
5592
5294
5359
5431
1320
5600
1337
1433
5414
4533
10082
147
8923
1311
6383
5428
5280
1177
5563
81
4758
5171
5690
5401
5842
1414
5182
-51
5239
9632
6071
5570
5308
1210
5004
5287
5291
103
5579
5308
1036
4433
5313
6766
5547
4342
-54
4615
1437
5190
1614
4822
5200
5551
5571
5492
8892
5568
5257
1587
213
5641
3542
5793
4972
6872
4
4777
4813
4705
12504
1570
5330
5204
5271
4115
4822
5909
4715
1444
29
1295
1204
5553
1198
5856
5253
5845
5253
5533
5774
1026
-42
5670
28
1469
150
1441
1364
8646
5592
5294
5359
5431
1320
5600
1337
1433
5414
4533
10082
147
8923
1311
6383
5428
5280
1177
5563
81
4758
5171
5690
5401
5842
1414
5182
-51
5239
9632
6071
5570
5308
1210
5004
5287
5291
103
5579
5308
1036
4433
5313
6766
5547
4342
-54
4615
1437
5190
1614
4822
5200
5551
5571
5492
8892
5568
5257
1587
213
5641
3542
5793
4972
6872
4
4777
4813
4705
12504
1570
5330
5204
5271
4115
4822
5909
4715
1444
29
1295
1204
5553
1198
5856
5253
5845
5253
5533
5774
1026
-42
5670
28
1469
150
1441
1364
8646
5592
5294
5359
5431
1320
5600
1337
1433
5414
4533
10082
147
8923
1311
6383
5428
5280
1177
5563
81
4758
5171
5690
5401
5842
1414
5182
-51
5239
9632
6071
5570
5308
1210
5004
5287
5291
103
5579
5308
1036
4433
5313
6766
5547
4342
-54
4615
1437
5190
1614
4822
5200
5551
5571
5492
8892
5568
5257
1587
213
5641
3542
5793
4972
6872
4
4777
4813
4705
12504
1570
5330
5204
5271
4115
4822
5909
4715
1444
29
1295
1204
5553
1198
5856
5253
5845
5253
5533
5774
1026
-42
5670
28
1469
150
1441
1364
8646
5592
5294
5359
5431
1320
5600
1337
1433
5414
4533
10082
147
8923
1311
6383
5428
5280
1177
5563
81
4758
5171
5690
5401
5842
1414
5182
-51
5239
9632
6071
5570
5308
1210
5004
5287
5291
103
5579
5308
1036
4433
5313
6766
5547
4342
-54
4615
1437
5190
1614
4822
5200
5551
5571
5492
8892
5568
5257
1587
213
5641
3542
5793
4972
6872
4
4777
4813
4705
12504
1570
5330
5204
5271
4115
4822
5909
4715
1444
29
1295
1204
5553
1198
5856
5253
5845
5253
5533
5774
1026
-42
5670
28
1469
150
1441
1364
8646
5592
5294
5359
5431
1320
5600
1337
1433
5414
4533
10082
147
8923
1311
6383
5428
5280
1177
5563
81
4758
5171
5690
5401
5842
1414
5182
-51
5239
9632
6071
5570
5308
1210
5004
5287
5291
103
5579
5308
1036
4433
5313
6766
5547
4342
-54
4615
1437
5190
1614
4822
5200
5551
5571
5492
8892
5568
5257
1587
213
5641
3542
5793
4972
6872
4
4777
4813
4705
12504
1570
5330
5204
5271
4115
4822
5909
4715
1444
29
1295
1204
5553
1198
5856
5253
5845
5253
5533
5774
1026
-42
5670
28
1469
150
1441
1364
8646
5592
5294
5359
5431
1320
5600
1337
1433
5414
4533
10082
147
8923
1311
6383
5428
5280
1177
5563
81
4758
5171
5690
5401
5842
1414
5182
-51
5239
9632
6071
5570
5308
1210
5004
5287
5291
103
5579
5308
1036
4433
5313
6766
5547
4342
-54
4615
1437
5190
1614
4822
5200
5551
5571
5492
8892
5568
5257
1587
213
5641
3542
5793
4972
6872
4
4777
4813
4705
12504
1570
5330
5204
5271
4115
4822
5909
4715
1444
29
1295
1204
5553
1198
5856
5253
5845
5253
5533
5774
1026
-42
5670
28
1469
150
1441
1364
8646
5592
5294
5359
5431
1320
5600
1337
1433
5414
4533
10082
147
8923
1311
6383
5428
5280
1177
5563
81
4758
5171
5690
5401
5842
1414
5182
-51
5239
9632
6071
5570
5308
1210
5004
5287
5291
103
5579
5308
1036
4433
5313
6766
5547
4342
-54
4615
1437
5190
1614
4822
5200
5551
5571
5492
8892
5568
5257
1587
213
5641
3542
5793
4972
6872
4
4777
4813
4705
12504
1570
5330
5204
5271
4115
4822
5909
4715
1444
29
1295
1204
5553
1198
5856
5253
5845
5253
5533
5774
1026
-42
5670
28
1469
150
1441
1364
8646
5592
5294
5359
5431
1320
5600
1337
1433
5414
4533
10082
147
8923
1311
6383
5428
5280
1177
5563
81
4758
5171
5690
5401
5842
1414
5182
-51
5239
9632
6071
5570
5308
1210
5004
5287
5291
103
5579
5308
1036
4433
5313
6766
5547
4342
-54
4615
1437
5190
1614
4822
5200
5551
5571
5492
8892
5568
5257
1587
213
5641
3542
5793
4972
6872
4
4777
4813
4705
12504
1570
5330
5204
5271
4115
4822
5909
4715
1444
29
1295
1204
5553
1198
5856
5253
5845
5253
5533
5774
1026
-42
5670
28
1469
150
1441
1364
8646
5592
5294
5359
5431
1320
5600
1337
1433
5414
4533
10082
147
8923
1311
6383
5428
5280
1177
5563
81
4758
5171
5690
5401
5842
1414
5182
-51
5239
9632
6071
5570
5308
1210
5004
5287
5291
103
5579
5308
1036
4433
5313
6766
5547
4342
-54
4615
1437
5190
1614
4822
5200
5551
5571
5492
8892
5568
5257
1587
213
5641
3542
5793
4972
6872
4
4777
4813
4705
12504
1570
5330
5204
5271
4115
4822
5909
4715
1444
29
1295
1204
5553
1198
5856
5253
5845
5253
5533
5774
1026
-42
5670
28
1469
150
1441
1364
8646
5592
5294
5359
5431
1320
5600
1337
1433
5414
4533
10082
147
8923
1311
6383
5428
5280
1177
5563
81
4758
5171
5690
5401
5842
1414
5182
-51
5239
9632
6071
5570
5308
1210
5004
5287
5291
103
5579
5308
1036
4433
5313
6766
5547
4342
-54
4615
1437
5190
1614
4822
5200
5551
5571
5492
8892
5568
5257
1587
213
5641
3542
5793
4972
6872
4
4777
4813
4705
12504
1570
5330
5204
5271
4115
4822
5909
4715
1444
29
1295
1204
5553
1198
5856
5253
5845
5253
5533
5774
1026
-42
5670
28
1469
150
1441
1364
8646
5592
5294
5359
5431
1320
5600
1337
1433
5414
4533
10082
147
8923
1311
6383
5428
5280
1177
5563
81
4758
5171
5690
5401
5842
1414
5182
-51
5239
9632
6071
5570
5308
1210
5004
5287
5291
103
5579
5308
1036
4433
5313
6766
5547
4342
-54
4615
1437
5190
1614
4822
5200
5551
5571
5492
8892
5568
5257
1587
213
5641
3542
5793
4972
6872
4
4777
4813
4705
12504
1570
5330
5204
5271
4115
4822
5909
4715
1444
29
1295
1204
5553
1198
5856
5253
5845
5253
5533
5774
1026
-42
5670
28
1469
150
1441
1364
8646
5592
5294
5359
5431
1320
5600
1337
1433
5414
4533
10082
147
8923
1311
6383
5428
5280
1177
5563
81
4758
5171
5690
5401
5842
1414
5182
-51
5239
9632
6071
5570
5308
1210
5004
5287
5291
103
5579
5308
1036
4433
5313
6766
5547
4342
-54
4615
1437
5190
1614
4822
5200
5551
5571
5492
8892
5568
5257
1587
213
5641
3542
5793
4972
6872
4
4777
4813
4705
12504
1570
5330
5204
5271
4115
4822
5909
4715
1444
29
1295
1204
5553
1198
5856
5253
5845
5253
5533
5774
1026
-42
5670
28
1469
150
1441
1364
8646
5592
5294
5359
5431
1320
5600
1337
1433
5414
4533
10082
147
8923
1311
6383
5428
5280
1177
5563
81
4758
5171
5690
5401
5842
1414
5182
-51
5239
9632
6071
5570
5308
1210
5004
5287
5291
103
5579
5308
1036
4433
5313
6766
5547
4342
-54
4615
1437
5190
1614
4822
5200
5551
5571
5492
8892
5568
5257
1587
213
5641
3542
5793
4972
6872
4
4777
4813
4705
12504
1570
5330
5204
5271
4115
4822
5909
4715
1444
29
1295
1204
5553
1198
5856
5253
5845
5253
5533
5774
1026
-42
5670
28
1469
150
1441
1364
8646
5592
5294
5359
5431
1320
5600
1337
1433
5414
4533
10082
147
8923
1311
6383
5428
5280
1177
5563
81
4758
5171
5690
5401
5842
1414
5182
-51
5239
9632
6071
5570
5308
1210
5004
5287
5291
103
5579
5308
1036
4433
5313
6766
5547
4342
-54
4615
1437
5190
1614
4822
5200
5551
5571
5492
8892
5568
5257
1587
213
5641
3542
5793
4972
6872
4
4777
4813
4705
12504
1570
5330
5204
5271
4115
4822
5909
4715
1444
29
1295
1204
5553
1198
5856
5253
5845
5253
5533
5774
1026
-42
5670
28
1469
150
1441
1364
8646
5592
5294
5359
5431
1320
5600
1337
1433
5414
4533
10082
147
8923
1311
6383
5428
5280
1177
5563
81
4758
5171
5690
5401
5842
1414
5182
-51
5239
9632
6071
5570
5308
1210
5004
5287
5291
103
5579
5308
1036
4433
5313
6766
5547
4342
-54
4615
1437
5190
1614
4822
5200
5551
5571
5492
8892
5568
5257
1587
213
5641
3542
5793
4972
6872
4
4777
4813
4705
12504
1570
5330
5204
5271
4115
4822
5909
4715
1444
29
1295
1204
5553
1198
5856
5253
5845
5253
5533
5774
1026
-42
5670
28
1469
150
1441
1364
8646
5592
5294
5359
5431
1320
5600
1337
1433
5414
4533
10082
147
8923
1311
6383
5428
5280
1177
5563
81
4758
5171
5690
5401
5842
1414
5182
-51
5239
9632
6071
5570
5308
1210
5004
5287
5291
103
5579
5308
1036
4433
5313
6766
5547
4342
-54
4615
1437
5190
1614
4822
5200
5551
5571
5492
8892
5568
5257
1587
213
5641
3542
5793
4972
6872
4
4777
4813
4705
12504
1570
5330
5204
5271
4115
4822
5909
4715
1444
29
1295
1204
5553
1198
5856
5253
5845
5253
5533
5774
1026
-42
5670
28
1469
150
1441
1364
8646
5592
5294
5359
5431
1320
5600
1337
1433
5414
4533
10082
147
8923
1311
6383
5428
5280
1177
5563
81
4758
5171
5690
5401
5842
1414
5182
-51
5239
9632
6071
5570
5308
1210
5004
5287
5291
103
5579
5308
1036
4433
5313
6766
5547
4342
-54
4615
1437
5190
1614
4822
5200
5551
5571
5492
8892
5568
5257
1587
213
5641
3542
5793
4972
6872
4
4777
4813
4705
12504
1570
5330
5204
5271
4115
4822
5909
4715
1444
29
1295
1204
5553
1198
5856
5253
5845
5253
5533
5774
1026
-42
5670
28
1469
150
1441
1364
8646
5592
5294
5359
5431
1320
5600
1337
1433
5414
4533
10082
147
8923
1311
6383
5428
5280
1177
5563
81
4758
5171
5690
5401
5842
1414
5182
-51
5239
9632
6071
5570
5308
1210
5004
5287
5291
103
5579
5308
1036
4433
5313
6766
5547
4342
-54
4615
1437
5190
1614
4822
5200
5551
5571
5492
8892
5568
5257
1587
213
5641
3542
5793
4972
6872
4
4777
4813
4705
12504
1570
5330
5204
5271
4115
4822
5909
4715
1444
29
1295
1204
5553
1198
5856
5253
5845
5253
5533
5774
1026
-42
5670
28
1469
150
1441
1364
8646
5592
5294
5359
5431
1320
5600
1337
1433
5414
4533
10082
147
8923
1311
6383
5428
5280
1177
5563
81
4758
5171
5690
5401
5842
1414
5182
-51
5239
9632
6071
5570
5308
1210
5004
5287
5291
103
5579
5308
1036
4433
5313
6766
5547
4342
-54
4615
1437
5190
1614
4822
5200
5551
5571
5492
8892
5568
5257
1587
213
5641
3542
5793
4972
6872
4
4777
4813
4705
12504
1570
5330
5204
5271
4115
4822
5909
4715
1444
29
1295
1204
5553
1198
5856
5253
5845
5253
5533
5774
1026
-42
5670
28
1469
150
1441
1364
8646
5592
5294
5359
5431
1320
5600
1337
1433
5414
4533
10082
147
8923
1311
6383
5428
5280
1177
5563
81
4758
5171
5690
5401
5842
1414
5182
-51
5239
9632
6071
5570
5308
1210
5004
5287
5291
103
5579
5308
1036
4433
5313
6766
5547
4342
-54
4615
1437
5190
1614
4822
5200
5551
5571
5492
8892
5568
5257
1587
213
5641
3542
5793
4972
6872
4
4777
4813
4705
12504
1570
5330
5204
5271
4115
4822
5909
4715
1444
29
1295
1204
5553
1198
5856
5253
5845
5253
5533
5774
1026
-42
5670
28
1469
150
1441
1364
8646
5592
5294
5359
5431
1320
5600
1337
1433
5414
4533
10082
147
8923
1311
6383
5428
5280
1177
5563
81
4758
5171
5690
5401
5842
1414
5182
-51
5239
9632
6071
5570
5308
1210
5004
5287
5291
103
5579
5308
1036
4433
5313
6766
5547
4342
-54
4615
1437
5190
1614
4822
5200
5551
5571
5492
8892
5568
5257
1587
213
5641
3542
5793
4972
6872
4
4777
4813
4705
12504
1570
5330
5204
5271
4115
4822
5909
4715
1444
29
1295
1204
5553
1198
5856
5253
5845
5253
5533
5774
1026
-42
5670
28
1469
150
1441
1364
8646
5592
5294
5359
5431
1320
5600
1337
1433
5414
4533
10082
147
8923
1311
6383
5428
5280
1177
5563
81
4758
5171
5690
5401
5842
1414
5182
-51
5239
9632
6071
5570
5308
1210
5004
5287
5291
103
5579
5308
1036
4433
5313
6766
5547
4342
-54
4615
1437
5190
1614
4822
5200
5551
5571
5492
8892
5568
5257
1587
213
5641
3542
5793
4972
6872
4
4777
4813
4705
12504
1570
5330
5204
5271
4115
4822
5909
4715
1444
29
1295
1204
5553
1198
5856
5253
5845
5253
5533
5774
1026
-42
5670
28
1469
150
1441
1364
8646
5592
5294
5359
5431
1320
5600
1337
1433
5414
4533
10082
147
8923
1311
6383
5428
5280
1177
5563
81
4758
5171
5690
5401
5842
1414
5182
-51
5239
9632
6071
5570
5308
1210
5004
5287
5291
103
5579
5308
1036
4433
5313
6766
5547
4342
-54
4615
1437
5190
1614
4822
5200
5551
5571
5492
8892
5568
5257
1587
213
5641
3542
5793
4972
6872
4
4777
4813
4705
12504
1570
5330
5204
5271
4115
4822
5909
4715
1444
29
1295
1204
5553
1198
5856
5253
5845
5253
5533
5774
1026
-42
5670
28
1469
150
1441
1364
8646
5592
5294
5359
5431
1320
5600
1337
1433
5414
4533
10082
147
8923
1311
6383
5428
5280
1177
5563
81
4758
5171
5690
5401
5842
1414
5182
-51
5239
9632
6071
5570
5308
1210
5004
5287
5291
103
5579
5308
1036
4433
5313
6766
5547
4342
-54
4615
1437
5190
1614
4822
5200
5551
5571
5492
8892
5568
5257
1587
213
5641
3542
5793
4972
6872
4
4777
4813
4705
12504
1570
5330
5204
5271
4115
4822
5909
4715
1444
29
1295
1204
5553
1198
5856
5253
5845
5253
5533
5774
1026
-42
5670
28
1469
150
1441
1364
8646
5592
5294
5359
5431
1320
5600
1337
1433
5414
4533
10082
147
8923
1311
6383
5428
5280
1177
5563
81
4758
5171
5690
5401
5842
1414
5182
-51
5239
9632
6071
5570
5308
1210
5004
5287
5291
103
5579
5308
1036
4433
5313
6766
5547
4342
-54
4615
1437
5190
1614
4822
5200
5551
5571
5492
8892
5568
5257
1587
213
5641
3542
5793
4972
6872
4
4777
4813
4705
12504
1570
5330
5204
5271
4115
4822
5909
4715
1444
29
1295
1204
5553
1198
5856
5253
5845
5253
5533
5774
1026
-42
5670
28
1469
150
1441
1364
8646
5592
5294
5359
5431
1320
5600
1337
1433
5414
4533
10082
147
8923
1311
6383
5428
5280
1177
5563
81
4758
5171
5690
5401
5842
1414
5182
-51
5239
9632
6071
5570
5308
1210
5004
5287
5291
103
5579
5308
1036
4433
5313
6766
5547
4342
-54
4615
1437
5190
1614
4822
5200
5551
5571
5492
8892
5568
5257
1587
213
5641
3542
5793
4972
6872
4
4777
4813
4705
12504
1570
5330
5204
5271
4115
4822
5909
4715
1444
29
1295
1204
5553
1198
5856
5253
5845
5253
5533
5774
1026
-42
5670
28
1469
150
1441
1364
8646
5592
5294
5359
5431
1320
5600
1337
1433
5414
4533
10082
147
8923
1311
6383
5428
5280
1177
5563
81
4758
5171
5690
5401
5842
1414
5182
-51
5239
9632
6071
5570
5308
1210
5004
5287
5291
103
5579
5308
1036
4433
5313
6766
5547
4342
-54
4615
1437
5190
1614
4822
5200
5551
5571
5492
8892
5568
5257
1587
213
5641
3542
5793
4972
6872
4
4777
4813
4705
12504
1570
5330
5204
5271
4115
4822
5909
4715
1444
29
1295
1204
5553
1198
5856
5253
5845
5253
5533
5774
1026
-42
5670
28
1469
150
1441
1364
8646
5592
5294
5359
5431
1320
5600
1337
1433
5414
4533
10082
147
8923
1311
6383
5428
5280
1177
5563
81
4758
5171
5690
5401
5842
1414
5182
-51
5239
9632
6071
5570
5308
1210
5004
5287
5291
103
5579
5308
1036
4433
5313
6766
5547
4342
-54
4615
1437
5190
1614
4822
5200
5551
5571
5492
8892
5568
5257
1587
213
5641
3542
5793
4972
6872
4
4777
4813
4705
12504
1570
5330
5204
5271
4115
4822
5909
4715
1444
29
1295
1204
5553
1198
5856
5253
5845
5253
5533
5774
1026
-42
5670
28
1469
150
1441
1364
8646
5592
5294
5359
5431
1320
5600
1337
1433
5414
4533
10082
147
8923
1311
6383
5428
5280
1177
5563
81
4758
5171
5690
5401
5842
1414
5182
-51
5239
9632
6071
5570
5308
1210
5004
5287
5291
103
5579
5308
1036
4433
5313
6766
5547
4342
-54
4615
1437
5190
1614
4822
5200
5551
5571
5492
8892
5568
5257
1587
213
5641
3542
5793
4972
6872
4
4777
4813
4705
12504
1570
5330
5204
5271
4115
4822
5909
4715
1444
29
1295
1204
5553
1198
5856
5253
5845
5253
5533
5774
1026
-42
5670
28
1469
150
1441
1364
8646
5592
5294
5359
5431
1320
5600
1337
1433
5414
4533
10082
147
8923
1311
6383
5428
5280
1177
5563
81
4758
5171
5690
5401
5842
1414
5182
-51
5239
9632
6071
5570
5308
1210
5004
5287
5291
103
5579
5308
1036
4433
5313
6766
5547
4342
-54
4615
1437
5190
1614
4822
5200
5551
5571
5492
8892
5568
5257
1587
213
5641
3542
5793
4972
6872
4
4777
4813
4705
12504
1570
5330
5204
5271
4115
4822
5909
4715
1444
29
1295
1204
5553
1198
5856
5253
5845
5253
5533
5774
1026
-42
5670
28
1469
150
1441
1364
8646
5592
5294
5359
5431
1320
5600
1337
1433
5414
4533
10082
147
8923
1311
6383
5428
5280
1177
5563
81
4758
5171
5690
5401
5842
1414
5182
-51
5239
9632
6071
5570
5308
1210
5004
5287
5291
103
5579
5308
1036
4433
5313
6766
5547
4342
-54
4615
1437
5190
1614
4822
5200
5551
5571
5492
8892
5568
5257
1587
213
5641
3542
5793
4972
6872
4
4777
4813
4705
12504
1570
5330
5204
5271
4115
4822
5909
4715
1444
29
1295
1204
5553
1198
5856
5253
5845
5253
5533
5774
1026
-42
5670
28
1469
150
1441
1364
8646
5592
5294
5359
5431
1320
5600
1337
1433
5414
4533
10082
147
8923
1311
6383
5428
5280
1177
5563
81
4758
5171
5690
5401
5842
1414
5182
-51
5239
9632
6071
5570
5308
1210
5004
5287
5291
103
5579
5308
1036
4433
5313
6766
5547
4342
-54
4615
1437
5190
1614
4822
5200
5551
5571
5492
8892
5568
5257
1587
213
5641
3542
5793
4972
6872
4
4777
4813
4705
12504
1570
5330
5204
5271
4115
4822
5909
4715
1444
29
1295
1204
5553
1198
5856
5253
5845
5253
5533
5774
1026
-42
5670
28
1469
150
1441
1364
8646
5592
5294
5359
5431
1320
5600
1337
1433
5414
4533
10082
147
8923
1311
6383
5428
5280
1177
5563
81
4758
5171
5690
5401
5842
1414
5182
-51
5239
9632
6071
5570
5308
1210
5004
5287
5291
103
5579
5308
1036
4433
5313
6766
5547
4342
-54
4615
1437
5190
1614
4822
5200
5551
5571
5492
8892
5568
5257
1587
213
5641
3542
5793
4972
6872
4
4777
4813
4705
12504
1570
5330
5204
5271
4115
4822
5909
4715
1444
29
1295
1204
5553
1198
5856
5253
5845
5253
5533
5774
1026
-42
5670
28
1469
150
1441
1364
8646
5592
5294
5359
5431
1320
5600
1337
1433
5414
4533
10082
147
8923
1311
6383
5428
5280
1177
5563
81
4758
5171
5690
5401
5842
1414
5182
-51
5239
9632
6071
5570
5308
1210
5004
5287
5291
103
5579
5308
1036
4433
5313
6766
5547
4342
-54
4615
1437
5190
1614
4822
5200
5551
5571
5492
8892
5568
5257
1587
213
5641
3542
5793
4972
6872
4
4777
4813
4705
12504
1570
5330
5204
5271
4115
4822
5909
4715
1444
29
1295
1204
5553
1198
5856
5253
5845
5253
5533
5774
1026
-42
5670
28
1469
150
1441
1364
8646
5592
5294
5359
5431
1320
5600
1337
1433
5414
4533
10082
147
8923
1311
6383
5428
5280
1177
5563
81
4758
5171
5690
5401
5842
1414
5182
-51
5239
9632
6071
5570
5308
1210
5004
5287
5291
103
5579
5308
1036
4433
5313
6766
5547
4342
-54
4615
1437
5190
1614
4822
5200
5551
5571
5492
8892
5568
5257
1587
213
5641
3542
5793
4972
6872
4
4777
4813
4705
12504
1570
5330
5204
5271
4115
4822
5909
4715
1444
29
1295
1204
5553
1198
5856
5253
5845
5253
5533
5774
1026
-42
5670
28
1469
150
1441
1364
8646
5592
5294
5359
5431
1320
5600
1337
1433
5414
4533
10082
147
8923
1311
6383
5428
5280
1177
5563
81
4758
5171
5690
5401
5842
1414
5182
-51
5239
9632
6071
5570
5308
1210
5004
5287
5291
103
5579
5308
1036
4433
5313
6766
5547
4342
-54
4615
1437
5190
1614
4822
5200
5551
5571
5492
8892
5568
5257
1587
213
5641
3542
5793
4972
6872
4
4777
4813
4705
12504
1570
5330
5204
5271
4115
4822
5909
4715
1444
29
1295
1204
5553
1198
5856
5253
5845
5253
5533
5774
1026
-42
5670
28
1469
150
1441
1364
8646
5592
5294
5359
5431
1320
5600
1337
1433
5414
4533
10082
147
8923
1311
6383
5428
5280
1177
5563
81
4758
5171
5690
5401
5842
1414
5182
-51
5239
9632
6071
5570
5308
1210
5004
5287
5291
103
5579
5308
1036
4433
5313
6766
5547
4342
-54
4615
1437
5190
1614
4822
5200
5551
5571
5492
8892
5568
5257
1587
213
5641
3542
5793
4972
6872
4
4777
4813
4705
12504
1570
5330
5204
5271
4115
4822
5909
4715
1444
29
1295
1204
5553
1198
5856
5253
5845
5253
5533
5774
1026
-42
5670
28
1469
150
1441
1364
8646
5592
5294
5359
5431
1320
5600
1337
1433
5414
4533
10082
147
8923
1311
6383
5428
5280
1177
5563
81
4758
5171
5690
5401
5842
1414
5182
-51
5239
9632
6071
5570
5308
1210
5004
5287
5291
103
5579
5308
1036
4433
5313
6766
5547
4342
-54
4615
1437
5190
1614
4822
5200
5551
5571
5492
8892
5568
5257
1587
213
5641
3542
5793
4972
6872
4
4777
4813
4705
12504
1570
5330
5204
5271
4115
4822
5909
4715
1444
29
1295
1204
5553
1198
5856
5253
5845
5253
5533
5774
1026
-42
5670
28
1469
150
1441
1364
8646
5592
5294
5359
5431
1320
5600
1337
1433
5414
4533
10082
147
8923
1311
6383
5428
5280
1177
5563
81
4758
5171
5690
5401
5842
1414
5182
-51
5239
9632
6071
5570
5308
1210
5004
5287
5291
103
5579
5308
1036
4433
5313
6766
5547
4342
-54
4615
1437
5190
1614
4822
5200
5551
5571
5492
8892
5568
5257
1587
213
5641
3542
5793
4972
6872
4
4777
4813
4705
12504
1570
5330
5204
5271
4115
4822
5909
4715
1444
29
1295
1204
5553
1198
5856
5253
5845
5253
5533
5774
1026
-42
5670
28
1469
150
1441
1364
8646
5592
5294
5359
5431
1320
5600
1337
1433
5414
4533
10082
147
8923
1311
6383
5428
5280
1177
5563
81
4758
5171
5690
5401
5842
1414
5182
-51
5239
9632
6071
5570
5308
1210
5004
5287
5291
103
5579
5308
1036
4433
5313
6766
5547
4342
-54
4615
1437
5190
1614
4822
5200
5551
5571
5492
8892
5568
5257
1587
213
5641
3542
5793
4972
6872
4
4777
4813
4705
12504
1570
5330
5204
5271
4115
4822
5909
4715
1444
29
1295
1204
5553
1198
5856
5253
5845
5253
5533
5774
1026
-42
5670
28
1469
150
1441
1364
8646
5592
5294
5359
5431
1320
5600
1337
1433
5414
4533
10082
147
8923
1311
6383
5428
5280
1177
5563
81
4758
5171
5690
5401
5842
1414
5182
-51
5239
9632
6071
5570
5308
1210
5004
5287
5291
103
5579
5308
1036
4433
5313
6766
5547
4342
-54
4615
1437
5190
1614
4822
5200
5551
5571
5492
8892
5568
5257
1587
213
5641
3542
5793
4972
6872
4
4777
4813
4705
12504
1570
5330
5204
5271
4115
4822
5909
4715
1444
29
1295
1204
5553
1198
5856
5253
5845
5253
5533
5774
1026
-42
5670
28
1469
150
1441
1364
8646
5592
5294
5359
5431
1320
5600
1337
1433
5414
4533
10082
147
8923
1311
6383
5428
5280
1177
5563
81
4758
5171
5690
5401
5842
1414
5182
-51
5239
9632
6071
5570
5308
1210
5004
5287
5291
103
5579
5308
1036
4433
5313
6766
5547
4342
-54
4615
1437
5190
1614
4822
5200
5551
5571
5492
8892
5568
5257
1587
213
5641
3542
5793
4972
6872
4
4777
4813
4705
12504
1570
5330
5204
5271
4115
4822
5909
4715
1444
29
1295
1204
5553
1198
5856
5253
5845
5253
5533
5774
1026
-42
5670
28
1469
150
1441
1364
8646
5592
5294
5359
5431
1320
5600
1337
1433
5414
4533
10082
147
8923
1311
6383
5428
5280
1177
5563
81
4758
5171
5690
5401
5842
1414
5182
-51
5239
9632
6071
5570
5308
1210
5004
5287
5291
103
5579
5308
1036
4433
5313
6766
5547
4342
-54
4615
1437
5190
1614
4822
5200
5551
5571
5492
8892
5568
5257
1587
213
5641
3542
5793
4972
6872
4
4777
4813
4705
12504
1570
5330
5204
5271
4115
4822
5909
4715
1444
29
1295
1204
5553
1198
5856
5253
5845
5253
5533
5774
1026
-42
5670
28
1469
150
1441
1364
8646
5592
5294
5359
5431
1320
5600
1337
1433
5414
4533
10082
147
8923
1311
6383
5428
5280
1177
5563
81
4758
5171
5690
5401
5842
1414
5182
-51
5239
9632
6071
5570
5308
1210
5004
5287
5291
103
5579
5308
1036
4433
5313
6766
5547
4342
-54
4615
1437
5190
1614
4822
5200
5551
5571
5492
8892
5568
5257
1587
213
5641
3542
5793
4972
6872
4
4777
4813
4705
12504
1570
5330
5204
5271
4115
4822
5909
4715
1444
29
1295
1204
5553
1198
5856
5253
5845
5253
5533
5774
1026
-42
5670
28
1469
150
1441
1364
8646
5592
5294
5359
5431
1320
5600
1337
1433
5414
4533
10082
147
8923
1311
6383
5428
5280
1177
5563
81
4758
5171
5690
5401
5842
1414
5182
-51
5239
9632
6071
5570
5308
1210
5004
5287
5291
103
5579
5308
1036
4433
5313
6766
5547
4342
-54
4615
1437
5190
1614
4822
5200
5551
5571
5492
8892
5568
5257
1587
213
5641
3542
5793
4972
6872
4
4777
4813
4705
12504
1570
5330
5204
5271
4115
4822
5909
4715
1444
29
1295
1204
5553
1198
5856
5253
5845
5253
5533
5774
1026
-42
5670
28
1469
150
1441
1364
8646
5592
5294
5359
5431
1320
5600
1337
1433
5414
4533
10082
147
8923
1311
6383
5428
5280
1177
5563
81
4758
5171
5690
5401
5842
1414
5182
-51
5239
9632
6071
5570
5308
1210
5004
5287
5291
103
5579
5308
1036
4433
5313
6766
5547
4342
-54
4615
1437
5190
1614
4822
5200
5551
5571
5492
8892
5568
5257
1587
213
5641
3542
5793
4972
6872
4
4777
4813
4705
12504
1570
5330
5204
5271
4115
4822
5909
4715
1444
29
1295
1204
5553
1198
5856
5253
5845
5253
5533
5774
1026
-42
5670
28
1469
150
1441
1364
8646
5592
5294
5359
5431
1320
5600
1337
1433
5414
4533
10082
147
8923
1311
6383
5428
5280
1177
5563
81
4758
5171
5690
5401
5842
1414
5182
-51
5239
9632
6071
5570
5308
1210
5004
5287
5291
103
5579
5308
1036
4433
5313
6766
5547
4342
-54
4615
1437
5190
1614
4822
5200
5551
5571
5492
8892
5568
5257
1587
213
5641
3542
5793
4972
6872
4
4777
4813
4705
12504
1570
5330
5204
5271
4115
4822
5909
4715
4234
5115
5040
5173
1412
5805
1300
4402
1130
1446
5101
1196
220
5162
4090
5201
4929
1406
3836
5072
5297
5304
5368
159
4865
3421
1533
28
11
5174
4751
5932
5825
6282
5587
5176
5483
5881
1654
4833
4488
5431
1437
5283
1388
5251
4850
5207
5434
5711
8773
1391
1296
-10
4634
4083
4979
5410
1349
7223
14445
5294
4908
1416
1393
1244
72
5108
5040
4945
5316
1453
82
4127
5229
1258
5628
5354
4833
197
4892
5486
4859
10721
5154
4828
138
5286
9950
1524
5351
171
4966
1674
1253
5516
5711
6120
4353
5336
4697
1072
162
4453
15168
1037
1446
1397
5255
1405
1408
1482
1443
1344
4088
5145
1165
5801
167
1239
1219
5114
5423
4273
1303
93
4943
5789
7980
1439
5316
5101
4932
10583
1231
1432
5871
4754
4814
5799
3886
5205
5194
1490
14348
945
5640
1454
1265
1518
5021
1145
117
5357
1310
13865
-61
1544
4891
1324
5500
5055
7788
5794
1250
1594
5274
5584
5339
4641
5440
1276
4825
5226
5322
9944
1224
3907
1461
1389
4
5740
5685
5654
81
1276
1095
3937
1533
4567
6060
5301
1311
5033
4687
5190
5911
4098
864
1697
1444
29
1295
1204
5553
1198
5856
5253
5845
5253
5533
5774
1026
-42
5670
28
1469
150
1441
1364
8646
5592
5294
5359
5431
1320
5600
1337
1433
5414
4533
10082
147
8923
1311
6383
5428
5280
1177
5563
81
4758
5171
5690
5401
5842
1414
5182
-51
5239
9632
6071
5570
5308
1210
5004
5287
5291
103
5579
5308
1036
4433
5313
6766
5547
4342
-54
4615
1437
5190
1614
4822
5200
5551
5571
5492
8892
5568
5257
1587
213
5641
3542
5793
4972
6872
4
4777
4813
4705
12504
1570
5330
5204
5271
4115
4822
5909
4715
1444
29
1295
1204
5553
1198
5856
5253
5845
5253
5533
5774
1026
-42
5670
28
1469
150
1441
1364
8646
5592
5294
5359
5431
1320
5600
1337
1433
5414
4533
10082
147
8923
1311
6383
5428
5280
1177
5563
81
4758
5171
5690
5401
5842
1414
5182
-51
5239
9632
6071
5570
5308
1210
5004
5287
5291
103
5579
5308
1036
4433
5313
6766
5547
4342
-54
4615
1437
5190
1614
4822
5200
5551
5571
5492
8892
5568
5257
1587
213
5641
3542
5793
4972
6872
4
4777
4813
4705
12504
1570
5330
5204
5271
4115
4822
5909
4715
1444
29
1295
1204
5553
1198
5856
5253
5845
5253
5533
5774
1026
-42
5670
28
1469
150
1441
1364
8646
5592
5294
5359
5431
1320
5600
1337
1433
5414
4533
10082
147
8923
1311
6383
5428
5280
1177
5563
81
4758
5171
5690
5401
5842
1414
5182
-51
5239
9632
6071
5570
5308
1210
5004
5287
5291
103
5579
5308
1036
4433
5313
6766
5547
4342
-54
4615
1437
5190
1614
4822
5200
5551
5571
5492
8892
5568
5257
1587
213
5641
3542
5793
4972
6872
4
4777
4813
4705
12504
1570
5330
5204
5271
4115
4822
5909
4715
1444
29
1295
1204
5553
1198
5856
5253
5845
5253
5533
5774
1026
-42
5670
28
1469
150
1441
1364
8646
5592
5294
5359
5431
1320
5600
1337
1433
5414
4533
10082
147
8923
1311
6383
5428
5280
1177
5563
81
4758
5171
5690
5401
5842
1414
5182
-51
5239
9632
6071
5570
5308
1210
5004
5287
5291
103
5579
5308
1036
4433
5313
6766
5547
4342
-54
4615
1437
5190
1614
4822
5200
5551
5571
5492
8892
5568
5257
1587
213
5641
3542
5793
4972
6872
4
4777
4813
4705
12504
1570
5330
5204
5271
4115
4822
5909
4715
1444
29
1295
1204
5553
1198
5856
5253
5845
5253
5533
5774
1026
-42
5670
28
1469
150
1441
1364
8646
5592
5294
5359
5431
1320
5600
1337
1433
5414
4533
10082
147
8923
1311
6383
5428
5280
1177
5563
81
4758
5171
5690
5401
5842
1414
5182
-51
5239
9632
6071
5570
5308
1210
5004
5287
5291
103
5579
5308
1036
4433
5313
6766
5547
4342
-54
4615
1437
5190
1614
4822
5200
5551
5571
5492
8892
5568
5257
1587
213
5641
3542
5793
4972
6872
4
4777
4813
4705
12504
1570
5330
5204
5271
4115
4822
5909
4715
1444
29
1295
1204
5553
1198
5856
5253
5845
5253
5533
5774
1026
-42
5670
28
1469
150
1441
1364
8646
5592
5294
5359
5431
1320
5600
1337
1433
5414
4533
10082
147
8923
1311
6383
5428
5280
1177
5563
81
4758
5171
5690
5401
5842
1414
5182
-51
5239
9632
6071
5570
5308
1210
5004
5287
5291
103
5579
5308
1036
4433
5313
6766
5547
4342
-54
4615
1437
5190
1614
4822
5200
5551
5571
5492
8892
5568
5257
1587
213
5641
3542
5793
4972
6872
4
4777
4813
4705
12504
1570
5330
5204
5271
4115
4822
5909
4715
1444
29
1295
1204
5553
1198
5856
5253
5845
5253
5533
5774
1026
-42
5670
28
1469
150
1441
1364
8646
5592
5294
5359
5431
1320
5600
1337
1433
5414
4533
10082
147
8923
1311
6383
5428
5280
1177
5563
81
4758
5171
5690
5401
5842
1414
5182
-51
5239
9632
6071
5570
5308
1210
5004
5287
5291
103
5579
5308
1036
4433
5313
6766
5547
4342
-54
4615
1437
5190
1614
4822
5200
5551
5571
5492
8892
5568
5257
1587
213
5641
3542
5793
4972
6872
4
4777
4813
4705
12504
1570
5330
5204
5271
4115
4822
5909
4715
1444
29
1295
1204
5553
1198
5856
5253
5845
5253
5533
5774
1026
-42
5670
28
1469
150
1441
1364
8646
5592
5294
5359
5431
1320
5600
1337
1433
5414
4533
10082
147
8923
1311
6383
5428
5280
1177
5563
81
4758
5171
5690
5401
5842
1414
5182
-51
5239
9632
6071
5570
5308
1210
5004
5287
5291
103
5579
5308
1036
4433
5313
6766
5547
4342
-54
4615
1437
5190
1614
4822
5200
5551
5571
5492
8892
5568
5257
1587
213
5641
3542
5793
4972
6872
4
4777
4813
4705
12504
1570
5330
5204
5271
4115
4822
5909
4715
1444
29
1295
1204
5553
1198
5856
5253
5845
5253
5533
5774
1026
-42
5670
28
1469
150
1441
1364
8646
5592
5294
5359
5431
1320
5600
1337
1433
5414
4533
10082
147
8923
1311
6383
5428
5280
1177
5563
81
4758
5171
5690
5401
5842
1414
5182
-51
5239
9632
6071
5570
5308
1210
5004
5287
5291
103
5579
5308
1036
4433
5313
6766
5547
4342
-54
4615
1437
5190
1614
4822
5200
5551
5571
5492
8892
5568
5257
1587
213
5641
3542
5793
4972
6872
4
4777
4813
4705
12504
1570
5330
5204
5271
4115
4822
5909
4715
1444
29
1295
1204
5553
1198
5856
5253
5845
5253
5533
5774
1026
-42
5670
28
1469
150
1441
1364
8646
5592
5294
5359
5431
1320
5600
1337
1433
5414
4533
10082
147
8923
1311
6383
5428
5280
1177
5563
81
4758
5171
5690
5401
5842
1414
5182
-51
5239
9632
6071
5570
5308
1210
5004
5287
5291
103
5579
5308
1036
4433
5313
6766
5547
4342
-54
4615
1437
5190
1614
4822
5200
5551
5571
5492
8892
5568
5257
1587
213
5641
3542
5793
4972
6872
4
4777
4813
4705
12504
1570
5330
5204
5271
4115
4822
5909
4715
1444
29
1295
1204
5553
1198
5856
5253
5845
5253
5533
5774
1026
-42
5670
28
1469
150
1441
1364
8646
5592
5294
5359
5431
1320
5600
1337
1433
5414
4533
10082
147
8923
1311
6383
5428
5280
1177
5563
81
4758
5171
5690
5401
5842
1414
5182
-51
5239
9632
6071
5570
5308
1210
5004
5287
5291
103
5579
5308
1036
4433
5313
6766
5547
4342
-54
4615
1437
5190
1614
4822
5200
5551
5571
5492
8892
5568
5257
1587
213
5641
3542
5793
4972
6872
4
4777
4813
4705
12504
1570
5330
5204
5271
4115
4822
5909
4715
1444
29
1295
1204
5553
1198
5856
5253
5845
5253
5533
5774
1026
-42
5670
28
1469
150
1441
1364
8646
5592
5294
5359
5431
1320
5600
1337
1433
5414
4533
10082
147
8923
1311
6383
5428
5280
1177
5563
81
4758
5171
5690
5401
5842
1414
5182
-51
5239
9632
6071
5570
5308
1210
5004
5287
5291
103
5579
5308
1036
4433
5313
6766
5547
4342
-54
4615
1437
5190
1614
4822
5200
5551
5571
5492
8892
5568
5257
1587
213
5641
3542
5793
4972
6872
4
4777
4813
4705
12504
1570
5330
5204
5271
4115
4822
5909
4715
1444
29
1295
1204
5553
1198
5856
5253
5845
5253
5533
5774
1026
-42
5670
28
1469
150
1441
1364
8646
5592
5294
5359
5431
1320
5600
1337
1433
5414
4533
10082
147
8923
1311
6383
5428
5280
1177
5563
81
4758
5171
5690
5401
5842
1414
5182
-51
5239
9632
6071
5570
5308
1210
5004
5287
5291
103
5579
5308
1036
4433
5313
6766
5547
4342
-54
4615
1437
5190
1614
4822
5200
5551
5571
5492
8892
5568
5257
1587
213
5641
3542
5793
4972
6872
4
4777
4813
4705
12504
1570
5330
5204
5271
4115
4822
5909
4715
1444
29
1295
1204
5553
1198
5856
5253
5845
5253
5533
5774
1026
-42
5670
28
1469
150
1441
1364
8646
5592
5294
5359
5431
1320
5600
1337
1433
5414
4533
10082
147
8923
1311
6383
5428
5280
1177
5563
81
4758
5171
5690
5401
5842
1414
5182
-51
5239
9632
6071
5570
5308
1210
5004
5287
5291
103
5579
5308
1036
4433
5313
6766
5547
4342
-54
4615
1437
5190
1614
4822
5200
5551
5571
5492
8892
5568
5257
1587
213
5641
3542
5793
4972
6872
4
4777
4813
4705
12504
1570
5330
5204
5271
4115
4822
5909
4715
1444
29
1295
1204
5553
1198
5856
5253
5845
5253
5533
5774
1026
-42
5670
28
1469
150
1441
1364
8646
5592
5294
5359
5431
1320
5600
1337
1433
5414
4533
10082
147
8923
1311
6383
5428
5280
1177
5563
81
4758
5171
5690
5401
5842
1414
5182
-51
5239
9632
6071
5570
5308
1210
5004
5287
5291
103
5579
5308
1036
4433
5313
6766
5547
4342
-54
4615
1437
5190
1614
4822
5200
5551
5571
5492
8892
5568
5257
1587
213
5641
3542
5793
4972
6872
4
4777
4813
4705
12504
1570
5330
5204
5271
4115
4822
5909
4715
1444
29
1295
1204
5553
1198
5856
5253
5845
5253
5533
5774
1026
-42
5670
28
1469
150
1441
1364
8646
5592
5294
5359
5431
1320
5600
1337
1433
5414
4533
10082
147
8923
1311
6383
5428
5280
1177
5563
81
4758
5171
5690
5401
5842
1414
5182
-51
5239
9632
6071
5570
5308
1210
5004
5287
5291
103
5579
5308
1036
4433
5313
6766
5547
4342
-54
4615
1437
5190
1614
4822
5200
5551
5571
5492
8892
5568
5257
1587
213
5641
3542
5793
4972
6872
4
4777
4813
4705
12504
1570
5330
5204
5271
4115
4822
5909
4715
1444
29
1295
1204
5553
1198
5856
5253
5845
5253
5533
5774
1026
-42
5670
28
1469
150
1441
1364
8646
5592
5294
5359
5431
1320
5600
1337
1433
5414
4533
10082
147
8923
1311
6383
5428
5280
1177
5563
81
4758
5171
5690
5401
5842
1414
5182
-51
5239
9632
6071
5570
5308
1210
5004
5287
5291
103
5579
5308
1036
4433
5313
6766
5547
4342
-54
4615
1437
5190
1614
4822
5200
5551
5571
5492
8892
5568
5257
1587
213
5641
3542
5793
4972
6872
4
4777
4813
4705
12504
1570
5330
5204
5271
4115
4822
5909
4715
1444
29
1295
1204
5553
1198
5856
5253
5845
5253
5533
5774
1026
-42
5670
28
1469
150
1441
1364
8646
5592
5294
5359
5431
1320
5600
1337
1433
5414
4533
10082
147
8923
1311
6383
5428
5280
1177
5563
81
4758
5171
5690
5401
5842
1414
5182
-51
5239
9632
6071
5570
5308
1210
5004
5287
5291
103
5579
5308
1036
4433
5313
6766
5547
4342
-54
4615
1437
5190
1614
4822
5200
5551
5571
5492
8892
5568
5257
1587
213
5641
3542
5793
4972
6872
4
4777
4813
4705
12504
1570
5330
5204
5271
4115
4822
5909
4715
1444
29
1295
1204
5553
1198
5856
5253
5845
5253
5533
5774
1026
-42
5670
28
1469
150
1441
1364
8646
5592
5294
5359
5431
1320
5600
1337
1433
5414
4533
10082
147
8923
1311
6383
5428
5280
1177
5563
81
4758
5171
5690
5401
5842
1414
5182
-51
5239
9632
6071
5570
5308
1210
5004
5287
5291
103
5579
5308
1036
4433
5313
6766
5547
4342
-54
4615
1437
5190
1614
4822
5200
5551
5571
5492
8892
5568
5257
1587
213
5641
3542
5793
4972
6872
4
4777
4813
4705
12504
1570
5330
5204
5271
4115
4822
5909
4715
1444
29
1295
1204
5553
1198
5856
5253
5845
5253
5533
5774
1026
-42
5670
28
1469
150
1441
1364
8646
5592
5294
5359
5431
1320
5600
1337
1433
5414
4533
10082
147
8923
1311
6383
5428
5280
1177
5563
81
4758
5171
5690
5401
5842
1414
5182
-51
5239
9632
6071
5570
5308
1210
5004
5287
5291
103
5579
5308
1036
4433
5313
6766
5547
4342
-54
4615
1437
5190
1614
4822
5200
5551
5571
5492
8892
5568
5257
1587
213
5641
3542
5793
4972
6872
4
4777
4813
4705
12504
1570
5330
5204
5271
4115
4822
5909
4715
1444
29
1295
1204
5553
1198
5856
5253
5845
5253
5533
5774
1026
-42
5670
28
1469
150
1441
1364
8646
5592
5294
5359
5431
1320
5600
1337
1433
5414
4533
10082
147
8923
1311
6383
5428
5280
1177
5563
81
4758
5171
5690
5401
5842
1414
5182
-51
5239
9632
6071
5570
5308
1210
5004
5287
5291
103
5579
5308
1036
4433
5313
6766
5547
4342
-54
4615
1437
5190
1614
4822
5200
5551
5571
5492
8892
5568
5257
1587
213
5641
3542
5793
4972
6872
4
4777
4813
4705
12504
1570
5330
5204
5271
4115
4822
5909
4715
1444
29
1295
1204
5553
1198
5856
5253
5845
5253
5533
5774
1026
-42
5670
28
1469
150
1441
1364
8646
5592
5294
5359
5431
1320
5600
1337
1433
5414
4533
10082
147
8923
1311
6383
5428
5280
1177
5563
81
4758
5171
5690
5401
5842
1414
5182
-51
5239
9632
6071
5570
5308
1210
5004
5287
5291
103
5579
5308
1036
4433
5313
6766
5547
4342
-54
4615
1437
5190
1614
4822
5200
5551
5571
5492
8892
5568
5257
1587
213
5641
3542
5793
4972
6872
4
4777
4813
4705
12504
1570
5330
5204
5271
4115
4822
5909
4715
1444
29
1295
1204
5553
1198
5856
5253
5845
5253
5533
5774
1026
-42
5670
28
1469
150
1441
1364
8646
5592
5294
5359
5431
1320
5600
1337
1433
5414
4533
10082
147
8923
1311
6383
5428
5280
1177
5563
81
4758
5171
5690
5401
5842
1414
5182
-51
5239
9632
6071
5570
5308
1210
5004
5287
5291
103
5579
5308
1036
4433
5313
6766
5547
4342
-54
4615
1437
5190
1614
4822
5200
5551
5571
5492
8892
5568
5257
1587
213
5641
3542
5793
4972
6872
4
4777
4813
4705
12504
1570
5330
5204
5271
4115
4822
5909
4715
1444
29
1295
1204
5553
1198
5856
5253
5845
5253
5533
5774
1026
-42
5670
28
1469
150
1441
1364
8646
5592
5294
5359
5431
1320
5600
1337
1433
5414
4533
10082
147
8923
1311
6383
5428
5280
1177
5563
81
4758
5171
5690
5401
5842
1414
5182
-51
5239
9632
6071
5570
5308
1210
5004
5287
5291
103
5579
5308
1036
4433
5313
6766
5547
4342
-54
4615
1437
5190
1614
4822
5200
5551
5571
5492
8892
5568
5257
1587
213
5641
3542
5793
4972
6872
4
4777
4813
4705
12504
1570
5330
5204
5271
4115
4822
5909
4715
1444
29
1295
1204
5553
1198
5856
5253
5845
5253
5533
5774
1026
-42
5670
28
1469
150
1441
1364
8646
5592
5294
5359
5431
1320
5600
1337
1433
5414
4533
10082
147
8923
1311
6383
5428
5280
1177
5563
81
4758
5171
5690
5401
5842
1414
5182
-51
5239
9632
6071
5570
5308
1210
5004
5287
5291
103
5579
5308
1036
4433
5313
6766
5547
4342
-54
4615
1437
5190
1614
4822
5200
5551
5571
5492
8892
5568
5257
1587
213
5641
3542
5793
4972
6872
4
4777
4813
4705
12504
1570
5330
5204
5271
4115
4822
5909
4715
