

1634
1603
11718
3713
13970
3664
1394
1533
11650
1574
3911
1365
1151
-104
12853
93
10199
1485
1589
1299
3829
786
1341
1552
7321
3340
1325
7708
1417
977
33
3973
1335
3932
192
3566
971
1111
1404
5093
5090
1303
1242
8367
1155
925
3587
1228
4089
946
1083
1587
1227
1234
700
9014
1634
1323
1551
1206
1384
116
63
1367
1373
3331
5048
154
1562
4159
1157
9138
1299
8225
8916
1673
1293
3935
1272
4145
1390
92
164
1569
1349
4320
1365
10698
11823
3987
129
1144
1100
4328
3987
928
4828
4131
26
6736
1274
5653
4166
1137
14
5904
871
1496
1416
1516
8657
50
3647
8303
1427
961
1345
1204
1218
1409
3665
1300
1172
188
4000
114
978
4049
11645
9997
3909
3526
55
1338
3899
15217
3622
1352
1438
4302
4250
3346
172
11867
1125
1397
3834
1383
1422
7594
168
1525
1211
101
7115
1151
4948
9980
9933
5506
1452
1221
3835
10946
1516
155
138
6131
1320
3918
4100
4500
6933
3371
9302
134
1220
4011
1321
1050
3675
3459
13739
1560
3521
1064
1141
1074
1412
8903
2895
1128
4071
76
1340
77
4135
101
4469
4246
1068
1147
12467
3417
3436
1153
1428
144
5129
3848
4255
5875
1586
1207
4915
1470
1497
45
8066
7302
3783
1345
8
1457
1378
9772
3868
4099
-19
3969
1030
10837
1694
3944
3760
1056
44
7189
1106
3260
1094
1332
3810
945
4093
1076
1123
9573
948
3845
5180
4158
12794
4327
1657
1270
1071
8849
1084
5694
1854
1378
3815
4316
4621
1069
4716
1537
7045
1383
1419
1423
3983
3656
3633
1334
1220
96
973
3888
1562
13817
7987
10415
13978
979
155
1017
1593
85
3549
1727
134
99
9772
1431
3508
1384
3617
3886
1192
10157
1441
889
1510
1160
1183
1241
1327
3949
1366
7323
12774
1389
10081
9194
1131
5771
3805
7414
3845
10146
4009
0
1665
65
4090
7068
11
44
4477
4089
8092
1312
1298
57
1168
7765
1332
212
951
3959
1103
4168
3016
1542
1240
4176
6395
1042
3968
131
1495
14222
3832
4316
1408
1399
1474
1311
952
781
1005
3704
6324
6797
1370
3830
4068
3913
94
1150
1404
9174
110
50
3782
3643
1231
1512
1235
1121
1370
1487
967
3723
809
1604
3507
1025
12742
4205
1428
925
1483
3413
4113
3220
1294
1185
4086
4074
6500
6196
13672
1329
3761
4192
1094
3971
1494
133
5824
1112
1251
1482
1244
1392
55
1367
1160
4044
1260
1207
3731
77
1156
1555
1581
4345
4099
3952
4192
1112
1027
3691
9549
3711
1154
11408
1284
3508
3676
3866
1600
11600
3931
3683
1093
1421
1336
3598
1163
1515
1455
1365
8412
4028
1397
1495
1406
4468
567
1396
1093
1030
101
3643
224
1588
835
1154
1379
1294
4319
1023
192
1187
1372
61
4103
1268
4019
3602
3855
4080
3845
1081
1427
1186
1367
4252
58
923
4000
92
1182
8585
1639
4152
10328
3578
952
6009
4066
3858
11841
-141
1474
1521
1341
3982
986
4041
4327
12855
-36
110
9895
3620
1215
1495
977
1300
1005
4060
65
4180
63
169
1161
1008
3330
1114
1488
4135
1246
980
4060
3468
10674
3742
233
1352
1324
4537
1262
1388
3804
1375
1172
13053
5301
2
5484
1087
179
3380
6753
3851
1199
135
1126
4051
1137
917
1411
3959
960
8865
3876
1199
1301
1372
3720
3926
1440
3434
3821
1379
3700
1390
2927
1017
7127
3528
1091
4011
1686
1216
4585
1407
938
3390
5005
1080
3348
4030
1042
7504
3252
4358
4136
10493
4685
871
3863
94
3506
3872
2997
1428
4890
1374
12696
1394
231
1314
1594
64
5031
4299
884
4368
1028
10249
11788
1358
9002
1305
1604
11713
3877
1066
9947
3941
66
1412
1425
1522
172
4939
1435
1500
14078
-33
11123
4449
1081
9786
3915
1494
1014
1499
1377
52
1219
1412
3977
11066
8111
3824
1259
99
1017
1279
1329
991
1243
4406
39
1284
154
1282
11408
12378
1225
4102
1525
1565
1408
180
1022
125
7643
3810
3632
6186
10127
1168
12607
3965
1074
3835
4117
1577
1045
11545
6639
782
96
1379
850
4093
4123
3986
6334
4941
1114
4183
1214
3947
1256
7144
50
7268
3744
4001
68
4208
54
3118
8644
782
12953
4302
1292
1460
1405
1464
1095
4094
8550
1203
4141
3856
1361
113
1550
1541
1152
64
1825
4366
1089
1573
9410
1234
9473
942
91
1589
4702
176
3720
1292
1420
3834
1267
3819
7023
10016
1164
1341
1392
1257
112
1050
1354
110
1136
4726
3830
731
882
187
1195
1137
1659
14009
1366
8328
1379
1276
1399
1219
7993
1307
1335
3916
1364
1053
1421
1406
1195
76
1370
1388
1465
8197
1197
11638
1186
16
1785
1487
4047
1299
3456
1190
3708
1187
5422
201
4037
1190
130
1327
3641
933
3293
13246
1531
1454
1087
1609
1458
3826
-32
5071
1486
167
13361
1459
4017
926
88
6843
1527
3418
1318
1298
1417
1539
984
996
3921
44
6726
3775
1329
147
5777
192
1300
1460
1170
3764
993
3808
1399
13029
11462
3812
3628
1234
26
1238
3845
13913
9279
5488
3910
4086
11366
-18
3017
3722
4196
4611
3825
6027
4081
1205
1313
819
5575
3897
1703
3787
157
1222
3743
3963
4090
1109
1243
6886
3857
40
3847
3876
854
3800
149
3975
58
1447
6826
100
1076
4185
6084
214
1372
10625
10033
1259
1403
1430
3617
-23
1227
1363
3523
7852
1328
7386
1389
1331
1262
1552
1042
967
1392
1333
1032
3933
143
1261
3449
6942
1046
1366
3857
1224
6885
1041
4034
3801
-21
1420
3325
1118
4135
1346
1028
1374
4073
3883
1078
152
1333
3734
1458
1086
1300
1281
14864
3963
1680
3735
14546
1328
3721
-70
4298
3972
1655
1439
4271
1204
7212
1403
1256
1005
3808
12176
1393
4002
1193
1012
3875
1418
3945
6999
3550
95
3979
4502
3837
3867
1427
1275
11119
9465
4051
1573
3898
1187
1265
3817
941
1099
3853
1550
3680
11447
5715
10934
1336
1246
1509
1447
52
9338
3874
8610
12742
3974
3893
4212
5010
1192
4304
145
3493
38
1108
3578
1290
9200
1239
3531
1708
3702
10845
1054
1231
7672
11854
2976
3904
3697
13375
1447
1240
1113
171
7235
4410
3119
1046
40
1047
5395
1311
96
1265
1728
11420
3617
4977
1228
3532
1049
961
1142
1472
1217
-28
1274
9364
8997
3931
9752
973
3601
1491
4445
1291
1375
1480
1323
3892
1283
73
3430
1081
1139
3586
1319
1601
3979
14830
46
1278
1300
1229
10136
3640
1252
1114
1556
1108
9545
1009
1016
15086
3958
5927
1387
3912
3855
3800
3617
1601
1344
3993
4337
1607
1176
-17
7237
3952
1627
3673
3915
3933
1295
1049
6635
1257
1395
1487
1401
1162
1229
1063
1291
4163
3663
11639
1136
3655
1233
3933
914
1362
1557
4031
1247
1283
7525
1269
4086
7570
4735
1272
3738
1144
981
1409
1530
4149
1446
1302
1444
1331
3966
-30
3864
1430
7415
281
1318
89
4023
1218
4636
3777
11393
3621
4844
4425
191
6803
46
1031
1287
4182
1095
3966
1390
3851
4257
937
1696
7258
4301
6696
3640
7256
1157
7627
1229
4116
1220
3858
1520
3849
1154
13592
1065
1617
1432
4046
1355
1214
4922
1052
4253
1326
11649
5841
1454
5740
1415
1289
3830
3853
4063
1289
3681
1159
3990
1508
1464
5972
1373
4274
3289
1503
3814
40
12116
5019
1277
945
1171
3305
5217
4249
1063
959
1559
99
3228
904
7391
3652
12681
3806
3846
3849
-4
1437
49
14253
1397
1020
1278
1045
1611
211
1117
112
14
1349
1178
1230
4363
1005
166
4381
80
4017
10834
126
7557
1232
4182
105
3543
3931
1348
4049
4091
4056
1525
13727
5367
1566
1140
7455
1426
1172
3849
3846
15140
130
1662
3477
986
1521
1565
42
1537
1183
3818
1259
3124
3543
1428
8377
5936
45
1514
12622
1125
3797
1291
1424
3538
1218
1046
12045
3719
1258
1032
1218
179
1424
263
152
3990
1265
1275
1236
4049
1487
3912
172
953
1597
1372
8336
1179
1523
73
3784
150
4140
4033
1245
1250
3701
1348
1295
1404
1567
108
1363
4330
1265
191
7166
1160
10440
9822
1478
4228
3465
6143
1114
8316
175
15008
748
13453
1229
1567
4079
3791
3788
1585
1826
1665
3989
3796
4259
973
3810
3718
1397
896
8385
8073
1018
1368
4016
4631
3876
1460
203
1237
2977
5896
1168
1297
989
999
14520
1289
970
1201
172
3096
1366
4455
963
1273
3634
1301
152
1350
3595
1227
1401
1048
10808
1184
160
1681
1203
3424
124
1089
1446
3951
3736
3718
49
1087
1233
105
10993
3535
4724
1243
956
991
953
1487
3882
954
995
1068
3219
1409
3535
1184
1215
199
7067
3640
5882
1112
5175
-54
1081
1147
86
1601
1579
13797
1501
4255
1197
955
1617
127
4188
4104
1100
1542
1338
1184
4052
1026
1545
1611
3591
4689
927
1382
9397
12506
3634
10097
1139
1225
4117
3706
1522
1407
12851
982
1294
3928
3592
31
1355
13628
3963
1083
4446
1386
4117
9994
3867
1270
12931
1100
4772
1691
1458
3977
1173
1252
1487
3995
1561
9999
1336
1394
751
1182
842
3580
1177
1433
7491
1396
1256
1535
1124
1248
198
3990
80
94
1189
3983
8949
1449
1356
4404
207
3809
1297
12706
3777
1417
1353
3490
127
1502
4095
3171
1384
3684
1225
1428
4095
3873
14817
1282
3670
1224
11429
1216
1007
1261
3106
3876
844
4077
10377
1272
1557
1424
5277
1437
4857
18
3698
1152
1261
1094
3675
8329
6743
3094
4125
3872
1701
4030
4285
1195
3834
4221
3634
1062
11073
4673
3700
12141
4032
132
990
1382
71
11638
10416
1121
1100
1194
3973
4005
1759
1262
1417
3886
1235
3860
1379
1574
1355
1016
971
4029
4009
143
5085
1358
1092
3886
969
13485
3953
1201
6869
16
1359
8825
3763
1056
148
1183
6077
4355
1238
10703
4317
6082
7987
1137
1419
1429
1273
4065
1281
1250
14734
1378
1126
4010
1026
1360
4055
1444
6369
11276
1229
4029
1296
136
8360
155
3927
158
905
1092
62
1080
1333
1221
4266
110
13812
4054
3811
1294
3784
1342
1081
1083
15092
11486
1132
3430
7259
3838
1406
9948
1340
3387
1377
1196
3926
1503
1536
3494
14766
1495
13784
969
1393
1046
92
4288
7132
4009
9440
11561
1136
10813
4097
1023
3740
3623
3772
1461
1149
1588
113
1003
3868
1009
1269
4241
3818
1237
72
1185
1151
185
1528
1407
1498
1287
1349
4049
3963
1132
14878
1469
1296
4349
81
1577
1409
3871
4087
1380
1345
44
666
1202
4548
4054
969
8106
1255
1090
1275
1137
1172
1401
4518
4055
4086
1162
3622
1540
1548
1161
1184
-5
93
4465
1196
1464
1561
3925
1265
1343
8215
1276
5868
1505
1277
85
1162
3976
978
4018
4117
1402
12977
1243
1437
1280
12
4205
4685
1268
1395
1271
9572
13543
4027
3832
1299
1397
3954
1344
5451
1244
1692
6835
-16
101
11936
10519
1175
1184
91
972
1277
913
1595
1475
1304
3912
1663
3412
1303
1152
70
92
1390
7870
1515
1224
9418
1659
13400
175
1150
6149
1059
1074
1376
4016
1196
1332
1365
7669
3917
1339
170
4960
1397
1543
3975
3781
1260
153
4249
1532
186
11887
1520
2899
1431
121
1209
1008
1042
100
997
1451
3920
1599
1140
1205
1506
4148
4101
4226
-1
11573
74
1292
4169
96
4576
1320
1395
1255
1290
1229
1105
1100
1211
63
3950
926
1255
95
1169
1328
1444
840
1410
1495
3876
-2
9956
1607
1520
3891
4130
1260
1136
1499
4621
1041
12271
1489
8698
1261
1670
5205
956
1217
927
4433
173
197
1529
1498
747
3836
1173
1082
929
6909
979
1188
1517
1267
167
12124
4095
3970
11386
118
5641
1079
1152
1030
4024
196
1174
915
913
1366
3760
1435
1225
1249
7747
928
1356
12360
1222
1471
1039
4113
1371
10444
4688
5751
3838
5874
1544
4698
49
1394
1395
13374
1525
1142
3676
1356
4678
964
1275
3575
10195
1336
1257
104
4021
883
1384
9206
7807
1384
15247
5650
1026
3636
1185
7955
1295
12
3981
820
1349
1161
1108
4701
1143
4750
1182
44
6234
941
1376
1420
3870
1012
1361
31
1536
6848
1361
1278
3975
1146
989
-28
4286
-36
1415
1308
3937
3774
118
3620
853
3985
1372
1422
111
1583
1099
4371
1028
1461
4348
48
4131
3525
3964
3966
1576
1247
3562
1389
13
73
3066
5143
6175
1040
4070
30
81
1042
-19
4317
1199
3716
1528
1222
1115
1137
1523
3767
75
907
6969
1306
11245
991
6898
17
1169
1134
1357
159
926
78
12581
986
1186
91
152
1592
1829
1274
11883
1196
1653
1326
1128
3794
3657
3863
1470
1444
155
3741
1566
1407
1100
80
1465
1600
1498
858
942
3853
4114
774
4008
3886
3807
1391
4923
1049
4865
4014
1201
1507
4150
4010
14709
95
3250
1558
9222
1564
10632
1483
4851
1462
4620
5938
3699
3870
13661
3692
6415
9763
5921
4175
3923
921
1627
1566
907
45
4500
108
3874
7362
9712
3708
933
6703
4110
5977
1275
181
7457
1166
7637
1005
1431
1170
105
1185
1526
1141
5677
194
1132
3624
887
1588
3783
10317
1467
101
1187
3430
11968
1150
1133
1456
7038
1505
4423
978
80
4163
5801
6876
10658
1255
1333
7018
1103
1177
9262
87
1368
27
13619
1326
1279
1548
9786
4067
72
3707
4166
3639
1781
1362
3821
1510
3790
4090
4303
3963
1332
162
217
1221
1446
4746
1538
14222
1478
12665
12936
1191
1144
1163
1440
1494
5066
1236
1457
1689
10637
1352
9420
7124
1071
187
1273
5038
3304
1464
632
4538
826
3643
1123
1360
1410
3187
1552
2
1519
961
4234
10268
8842
1368
1500
102
1457
942
1412
153
3466
3924
205
5672
4162
3989
1734
1123
1281
50
140
910
3409
13105
1664
4065
1286
3865
4029
242
4479
1596
3838
133
52
1430
3577
60
5726
1353
56
1210
9063
3601
126
1271
1105
112
4013
4075
1609
961
1256
1144
14043
4196
19
1161
1045
1081
3996
117
3748
6044
3838
4045
3668
1350
1603
194
3604
1903
6912
1475
1462
87
1460
3690
1388
3677
37
57
1416
1275
7855
1418
4281
1375
3691
5295
1311
1324
1138
1598
1083
4102
1417
3743
1430
4558
3770
1203
4124
3992
1058
1015
199
1608
1287
76
3808
13879
3806
1443
119
1284
1056
921
4255
3711
1048
5342
-45
70
1044
5910
1489
6690
3765
1170
1483
1236
1226
1278
4081
8227
4092
1125
10462
3715
3490
130
10273
4362
1169
1
1348
-2
212
3478
5746
1296
3994
1233
925
5657
81
3588
1699
5145
4992
3703
9851
1302
1302
1433
5236
1098
5685
1433
1553
151
1582
1370
3395
726
1117
1238
1540
1171
9126
1341
1100
1251
1378
3920
50
981
1467
1324
1354
3897
93
1080
3751
132
1357
1479
13128
1154
3733
3578
846
9872
7000
1378
139
11344
4364
3754
1272
10914
4702
3991
3939
198
1025
1326
6543
42
1285
4374
12222
952
4887
31
1604
3953
5547
4987
5244
5619
3591
1335
1576
1326
1357
3909
59
822
1714
982
6240
92
107
953
9530
6880
1654
1144
3706
3569
3934
1061
1259
1056
1515
1307
3923
117
1260
4063
1109
1163
198
4339
3614
1226
1123
1291
1388
1350
161
3571
1319
1216
1063
1416
14258
1406
56
1166
1297
1352
-23
4163
6885
1558
1469
3039
4416
4119
1227
3666
74
7566
13518
7306
3852
1311
3959
164
163
201
1457
4325
1649
1298
1199
3827
131
1050
1149
134
4086
4626
1018
3723
7114
14787
963
4087
1163
174
3853
1327
4504
1484
1345
1195
9100
3812
1123
3104
1149
3597
6915
1292
1331
1405
1467
1617
3856
1539
997
959
1267
1337
1147
3763
1384
4824
12151
4106
1152
47
1457
7252
99
1174
13772
1393
181
1372
953
3060
1657
3857
191
1543
174
-4
1274
7878
4209
1157
3969
123
1262
4143
1262
1589
179
1510
3926
734
4011
14806
1533
4112
1396
1171
1221
879
4162
970
118
18
1254
1374
5032
1527
1345
3526
13286
1387
1149
3860
1420
5560
3749
1091
1100
10674
1296
11931
1532
10654
1030
216
1195
1593
1194
1593
1417
96
7934
10637
6303
5119
1523
1246
1044
965
1630
217
3966
1033
170
126
1138
146
4550
10391
161
1611
13404
98
1210
3670
1404
4068
993
1114
3934
198
10366
3754
7970
-78
1271
92
3916
160
1576
4073
1272
87
73
3796
14586
4151
951
3772
3837
4110
823
1250
3833
6905
1418
4184
6013
236
1054
1282
3948
64
3974
1038
3686
1723
3954
4288
177
1631
1086
1251
1414
1190
3554
3983
3895
3464
1236
11696
1460
1439
7461
8895
1453
4439
3825
14190
3780
915
3847
1274
3496
1082
1472
3566
3
1369
9766
1108
143
809
1310
9870
3842
939
5591
4072
8537
1162
62
1032
3359
14916
1543
799
1612
1178
1493
14813
165
1518
1164
10090
3869
5789
1237
981
1471
1477
1475
1450
1389
1236
5446
1193
1417
130
3837
1342
3862
3937
1322
1130
3955
11162
6119
941
248
4690
4565
167
3993
4190
3950
3614
1410
1508
3622
5706
3778
11354
1326
4540
1301
3650
3948
13987
1376
7644
1165
189
1496
5846
1433
3680
161
886
2871
760
3935
12138
12491
1228
170
3891
1360
135
9770
7418
3945
1272
7106
13303
1284
8868
3986
1154
13786
4018
92
3373
1432
1204
-37
3699
6851
6889
4198
3867
3630
1575
7945
1373
1121
1066
3722
3606
4115
1583
4475
3568
110
1085
4044
184
7961
1217
1023
7883
1263
6177
1223
13018
1573
3872
4171
219
1059
13672
4004
1107
1086
9844
9713
4027
107
1179
1366
152
1594
1199
119
1494
210
8504
1110
1414
973
4100
1507
4245
6211
1468
1521
1193
1225
3838
44
1337
3718
4097
1225
962
1110
42
4037
1208
4257
3741
1059
4027
4262
1382
10798
4147
4049
3584
3916
1329
7268
1263
1312
6731
1380
1501
1404
3977
4711
1499
1072
3053
7205
216
1767
1498
7522
5381
1606
3949
5430
958
651
5445
1008
5372
1465
1255
4898
40
4206
1232
1448
6980
1010
1236
806
7032
1455
1329
3796
1294
1088
1521
1237
791
1551
1700
4391
1131
3117
1401
1502
1045
157
4190
3103
4303
1415
3793
137
980
4031
1424
116
1371
3495
1189
3821
4049
3631
8395
4421
1368
106
3843
1227
4192
1244
1201
892
4289
1511
3748
1473
3604
13513
1438
4157
4004
13129
1585
4347
132
1092
4060
6870
3989
3676
150
9253
907
4105
160
1275
5134
1269
155
1434
-4
71
1200
1241
114
3590
103
3836
8074
3219
994
1026
1522
4094
1496
1373
1124
11210
1600
1262
1290
1024
1171
5321
3718
942
993
3719
979
9930
1325
4122
1219
4578
1276
4022
5916
4117
4422
1225
1163
1316
1059
967
38
1031
127
102
43
1304
1352
3309
1088
1509
6
968
2896
3968
4039
105
3498
1053
1611
3789
3606
3597
11603
12304
1166
1544
32
1347
188
1510
9293
1297
7619
1241
91
1502
1141
4252
1335
4396
988
1011
1283
10252
1619
48
4299
6111
1601
1459
115
192
1525
4062
1447
1388
13988
121
1466
1049
147
6764
1733
1405
1156
14927
38
1248
959
1302
1289
8598
3724
4895
4516
1293
3794
1516
1396
4363
5973
1362
836
4001
1294
1081
3837
4088
79
5096
194
6214
1249
3857
1297
1532
913
1131
1294
1160
916
5798
3751
3684
1163
1521
1495
3766
1656
3996
3372
3922
1277
4871
1587
3957
-5
1156
4034
177
1432
14126
1642
1521
1301
13656
3991
1552
1543
5811
3095
4732
932
1379
1384
979
3474
1690
4351
10417
3487
10590
8652
1175
836
1244
140
1087
1166
180
11936
1569
1255
3787
1018
4113
190
1426
27
157
4801
178
1078
1136
178
136
1322
6030
1387
1129
1291
62
974
119
1289
1334
4085
1167
1462
1364
14525
1311
11918
170
173
4172
1304
4087
1137
3657
1374
1473
3292
112
1015
1364
4030
1244
4007
1444
1292
1344
1264
4270
4349
1218
3918
83
1168
1564
1229
158
1031
3949
1677
1349
4383
1371
1450
1399
3585
1149
7396
1053
1233
1220
1513
4146
4085
266
1195
1080
4081
3989
1411
94
3464
3818
3824
4110
34
7753
168
3800
4218
4004
4185
6114
1576
1369
3906
183
4089
1523
3916
1094
1040
7402
1097
1362
4588
1409
12698
1155
1313
1546
199
132
1687
851
1326
222
3772
4399
4068
1230
4039
1434
1403
1426
933
12064
10152
1187
168
3754
3640
1390
1308
4185
1316
1226
4052
11092
4046
81
1386
1381
1211
1333
4241
5813
103
6211
11226
4033
899
5050
1393
1271
1319
1079
3659
4069
177
1563
4034
1068
4256
1431
1455
4084
4255
3864
164
1472
1441
3208
1144
1447
4013
1520
1205
3884
1017
113
1529
3805
1450
8889
3863
3354
1448
1356
972
1293
5749
3547
13206
14985
1187
1036
49
190
1356
8378
3882
8640
1091
1609
9576
1507
3847
133
3915
12831
4184
943
1393
1546
1464
1404
1247
1402
1266
1352
162
56
5042
926
1420
3864
7809
1337
1120
1325
1430
6729
1431
7166
1225
3430
48
1340
3923
949
1257
4083
1483
6109
4058
59
1099
3741
1124
1283
964
3542
1436
4493
6515
3987
1432
75
121
171
47
6486
1166
1504
1159
1720
1634
1362
1492
1415
1491
1258
4428
1454
7178
1598
4824
1473
3797
3918
3887
999
4107
189
1555
3293
119
1436
3526
6771
1347
4415
168
1425
3667
843
6983
1572
1120
95
1045
6544
9089
187
3938
7733
1264
921
114
1310
8461
5340
1113
1004
1449
1341
1309
1091
164
10334
10813
1611
1502
1531
4255
1349
1099
3755
1357
1264
3904
983
1342
1516
4144
12956
1235
858
191
4113
900
31
11285
3992
1345
4020
1060
5558
13515
6052
881
1335
1276
119
1035
1074
18
1287
1313
12926
4508
1203
27
1224
10085
3555
12024
3604
50
4047
13056
3671
3953
3539
1232
4032
1013
1289
5072
12401
3854
4062
1194
7378
10775
1664
156
1647
1800
7121
1169
1384
1571
1628
9323
4129
11320
5217
1272
1346
949
1363
1267
1322
1175
1056
3951
1284
1057
1343
6350
1175
7950
1445
4260
1611
1649
164
1389
119
8629
1139
1640
8662
5269
1337
1529
7612
3827
3815
3930
7747
1235
7837
943
9341
3371
5616
4180
1566
3823
183
1532
927
3876
1053
1191
1201
6767
3151
1312
1527
1654
4356
4386
3771
1421
1301
4054
1384
7101
1473
1571
7
1290
994
1573
3566
5918
4162
1315
1425
7344
1426
1310
1501
3948
964
118
1501
1467
3633
11503
3916
1002
3713
1112
1221
68
7548
1
1105
927
4200
3929
1127
1232
-12
1200
4233
140
1111
4964
4157
1204
3529
1315
6831
1230
3402
8981
3756
930
1448
1300
4703
7061
1386
793
4067
13309
1195
9662
1183
1079
870
108
4132
1323
1490
1401
1281
975
3815
4130
1284
1510
1109
4871
1125
1127
847
919
68
-9
216
1487
1549
1075
3429
898
1206
1252
1392
3659
1394
3542
939
4022
1040
4241
940
-90
3964
9202
1756
1236
1160
6997
46
1685
3187
4111
3538
1493
163
10527
1615
1135
91
18
1233
14366
1159
3514
12413
862
3898
155
1112
4124
1139
3858
1584
1281
54
912
929
4165
4168
11930
1168
1452
5581
6725
4105
40
4475
3823
1452
1154
69
1028
3984
3798
154
1708
9027
851
3947
3714
1359
1500
1346
1133
1212
1543
8950
1457
3808
14391
1261
1571
1330
1560
1104
7096
3677
7214
4007
1298
1224
51
4033
9346
1108
7407
1467
5783
4024
3901
906
1348
1605
1326
1408
127
1159
4683
1332
9446
1270
1441
4092
4581
42
874
1267
1373
1155
1820
1165
896
4081
835
99
3428
1275
4631
1150
110
1531
3774
99
1050
1056
1071
93
86
1628
5542
12114
-16
3967
5139
7419
4013
1173
1014
7193
4369
4766
3978
1696
1374
1279
1240
1195
1382
12712
1529
135
1349
925
6166
21
3471
5971
-27
-68
3997
726
9563
1287
3943
-8
4133
4017
12107
1214
4219
3281
1578
13375
1131
8251
3742
4526
9909
20
1278
1315
4032
1313
3961
872
3735
1522
3653
6382
8049
141
16
1125
1502
4055
198
53
11560
1102
1491
1464
3953
4935
981
1454
158
190
1272
3659
3694
3738
1013
1494
1499
1446
1378
1249
1322
1007
3439
1660
1235
4332
1195
1313
7013
1199
4168
116
3618
7168
174
1063
1023
76
144
201
1121
1396
162
11085
3597
4232
1673
1533
4185
3782
1634
1068
1173
3762
3878
210
6758
1080
1064
4185
1309
13340
129
856
70
11764
3986
3783
4044
1209
7055
3887
3973
3738
5095
1263
1255
826
5115
1351
1299
1084
1548
3509
4026
4331
1030
1335
1045
3696
937
1517
111
4131
10761
1546
114
1006
3806
3918
4071
1411
10993
1747
4288
166
1598
1276
1529
4096
109
1461
1598
1192
221
1177
1502
105
4223
9524
1304
172
7375
1447
3698
1426
3978
994
1180
192
4426
7091
35
1328
11296
1396
4747
128
236
1446
1188
3589
3413
116
3632
1359
1124
12524
12367
1228
1581
9673
1062
759
1002
1351
1343
4264
1024
1412
10904
3528
9871
6457
1092
1120
1178
1445
1579
1271
1050
3956
1420
148
734
1293
12380
4213
1219
1531
3506
3317
1139
151
4079
1527
3989
1482
103
1110
6319
1358
3905
1398
6372
1006
1423
4185
1520
121
183
66
25
3909
3675
967
10703
64
4173
1179
3609
3518
972
142
1339
118
7564
3978
6431
201
1363
3493
1483
786
1089
942
4266
13195
12277
3237
184
5952
7729
9330
4250
82
980
1309
3540
13793
3749
1043
1280
4071
1391
911
1254
1428
1358
1098
5536
3756
1565
1273
1479
229
7944
3951
4632
10417
1340
1737
4755
1447
1163
1009
1308
6845
1086
1068
827
7935
105
1465
3996
4410
1402
4031
3906
1150
177
3965
7876
1213
1449
124
4492
3872
3574
82
3863
4201
183
3643
4167
4022
197
1047
986
1331
1208
8116
85
1754
1375
168
11515
3726
1426
5310
1379
8060
8092
1344
3758
3676
1239
1298
114
5724
149
1584
1209
4746
863
13694
100
242
3914
1443
894
1185
1143
1348
1141
110
4195
157
1464
4003
9760
140
12165
1592
1341
1123
1110
1246
1253
1358
3074
232
1307
3527
4159
-53
3971
5863
6046
82
4125
1432
1540
5004
1012
128
1111
1159
45
1289
9289
3930
4061
4226
1132
1305
8655
4913
4430
-33
3664
3593
7979
4117
3665
437
3770
185
13012
1412
72
1467
1143
3903
1568
202
11970
3908
1237
1480
3949
882
1222
7349
1168
1522
116
1105
6120
226
1091
1143
4933
3949
116
78
1516
158
102
1377
1166
3808
1641
1159
1255
3909
4010
1685
1433
1339
14128
1333
1421
1128
996
1067
15165
186
1104
1167
3777
4593
108
8721
1259
3961
1407
121
1261
3225
1268
10189
182
4098
10660
1456
1522
1436
1282
1321
1468
4439
992
11408
3496
3971
3738
1360
770
1428
1141
86
1193
4145
1652
1403
6253
5430
1420
4025
4145
100
213
128
3815
3995
1609
1480
69
1606
14468
1426
4713
4815
1175
5712
3709
83
4871
1060
1149
11504
1567
4244
1134
1213
1358
1208
3706
1514
1040
4697
12763
1474
1571
1089
7997
4385
3936
4140
1494
15121
1421
9678
49
1166
1146
1317
1386
1405
898
1526
3739
1628
3957
1257
3900
6987
12167
1344
4057
4057
1433
4898
3552
6517
1223
189
1375
1400
1253
80
1038
151
4179
3882
1395
1307
11582
989
982
11489
1583
4010
1435
3774
3430
3721
1200
3700
180
3770
3217
3143
1152
1280
719
1454
137
1412
1236
1530
1200
1415
68
3850
1065
177
3856
1636
1583
1312
-15
917
1409
4360
9798
3711
3475
3546
1038
1494
1555
3305
1385
45
1286
8490
4344
1037
3865
4293
10804
949
72
4257
4232
7104
870
1210
1539
3876
1507
1437
1356
11663
31
10267
1379
1100
1318
181
1239
9299
1343
4117
1168
1251
11397
4156
1295
3822
76
1160
-6
1451
1054
1273
13071
1450
13361
6642
1350
1143
1713
1600
8411
3783
3539
1236
1428
12620
6272
224
1284
3925
4055
1570
11482
1240
6418
1287
7410
1594
140
117
3053
1403
1399
4103
1043
3611
4919
1325
1670
10104
1305
4662
3874
4369
5483
1370
1465
193
1303
1443
6850
1126
7748
961
3709
1199
7080
4050
1390
1001
1043
1500
6615
1199
1274
10722
4367
1253
3754
1468
1458
5732
6906
1251
186
1405
3491
9117
1031
909
4088
1515
3273
8699
1224
1533
1326
1120
1086
4420
1131
3764
4204
1335
101
1110
3848
3730
4447
1686
1218
0
204
1099
5908
144
1304
12711
1497
1058
1223
12557
4189
1348
860
4148
1554
2816
3807
86
1145
1382
1211
1321
64
2631
8301
1308
1352
1444
100
6621
4020
1232
4053
1230
222
1283
1288
96
4513
196
1227
1572
923
12189
162
3671
201
11685
1421
4296
3717
3668
3932
1597
1501
3431
142
1454
4327
1297
289
4131
4874
53
6372
1502
1124
3173
1457
4275
1029
71
1576
4018
5600
1148
140
7450
175
119
12583
1385
6127
939
1160
5730
1169
4534
3741
1232
105
1001
1370
1032
1099
142
3711
66
4183
1538
1147
6584
7310
1657
-3
1363
3797
28
123
3819
6256
103
1406
4277
1064
1238
7725
3640
1148
5635
7770
6901
1315
4412
97
1406
1229
3909
6055
3266
984
11767
1330
4086
3561
5735
1213
3640
1031
931
1778
1048
11215
1427
1270
1534
1586
1329
3843
4304
1457
1231
3421
3974
82
1339
4072
4381
3865
4257
179
3613
3860
1500
1294
1503
893
1172
4070
149
3808
9475
13748
1232
1031
7251
-38
1249
3699
1528
79
10569
93
1397
1304
163
9175
939
4065
3171
6132
1148
1096
1137
1185
1163
1545
3910
1306
1260
1225
206
1661
4002
3519
929
6003
6461
3604
1046
1610
1247
1249
4102
1486
1281
4702
4246
1047
1442
1338
1294
3937
10358
7196
942
11072
4033
40
1561
1267
1233
1473
1271
140
-17
101
1520
3838
28
1500
1487
8077
5163
1245
208
1421
1127
3613
1299
5228
1063
1129
8929
60
4058
1057
1106
4081
1244
143
5379
969
1041
1314
127
1261
1421
153
1187
3696
12
4383
3925
9471
8935
1304
3795
3815
1467
1354
4363
7194
189
10787
1627
3566
10129
1325
1061
1486
4117
1105
4001
978
3754
11616
1221
1378
4004
785
13
3750
1678
1679
3734
1251
1615
6937
1275
1542
113
14233
4782
1477
3827
1100
1020
121
99
1044
4145
1058
4339
3789
8617
901
1278
76
1167
13040
6311
45
3414
132
1237
150
1401
1433
834
3429
1503
34
8267
4110
4150
1162
905
4627
1496
4143
778
4045
1500
12639
3891
4498
168
4014
3898
3316
908
1289
4207
1491
4046
1268
3780
1139
1377
1285
1283
4047
1444
2696
1321
157
5556
3847
1019
1352
90
4140
1263
11315
4
4383
40
253
4092
167
131
1122
91
1196
11557
123
1271
1028
1328
4168
1254
1378
3761
6353
1561
3570
6004
5932
1474
1397
1139
1026
1043
3942
1485
1632
1121
1498
884
1507
4022
1183
57
11463
1161
1337
3960
1604
18
9120
10117
30
1071
1259
1211
1097
12859
3641
1331
4070
956
1435
4062
12902
913
1187
1297
946
3846
1154
1298
1160
5
1239
137
3957
1301
1126
151
195
1774
988
1392
79
3727
1272
3925
1613
68
3941
4059
1438
12725
5588
32
3832
3712
1357
28
12938
13477
1374
1041
1033
1425
1158
7731
1323
1134
7905
10950
1183
829
1153
12052
1355
1680
3933
4280
5299
1255
1093
5558
3996
4703
3573
3939
3854
4213
1347
1390
1381
685
711
1007
3737
7621
3805
47
12833
1159
4069
10931
3183
1387
1004
8213
4364
1122
7135
3863
1340
4230
55
1449
929
3954
975
106
111
1348
3837
3917
1478
1525
1157
3403
1310
8248
3966
1320
3988
1162
1310
109
10156
1584
3907
13
1237
1344
3559
1123
4369
1411
1417
3989
234
3846
1218
1293
4993
1410
1356
1580
3675
3643
134
1078
3982
159
4163
1434
209
1156
1306
1158
1121
3942
97
1573
1337
9699
1338
2929
3766
4092
3956
1322
4195
4163
3822
1238
1730
1118
3931
6601
3747
3981
1350
3731
84
1238
4557
1353
996
3954
4129
7345
1635
1150
4137
1341
1001
86
122
1743
1649
1023
3775
4300
1051
7252
1468
3500
946
3524
4108
4038
4151
1310
1152
1348
1151
11244
3061
964
4082
3703
1295
1325
2676
3908
10298
92
11665
4196
3538
4107
1439
1137
997
1107
1606
1422
11994
4753
4067
1092
3203
3688
1559
6991
1323
4127
1317
1266
1108
3769
899
3613
148
1052
4641
1270
13
4176
3926
4094
1151
5315
1143
1590
996
1301
4231
13759
4884
1316
3521
1246
1538
4105
1361
1599
1409
942
1248
3715
738
35
1352
1146
1332
13216
728
4614
1565
-2
3566
1458
945
1486
1119
1266
7556
4135
3571
4085
98
1237
1328
1707
1249
1457
1077
145
11007
1821
1526
1082
1554
1283
1212
6389
55
5312
1175
1334
1260
4287
1239
1244
1433
1201
1264
3575
572
10754
5639
1348
12220
1468
3542
1268
1512
142
1167
4831
1132
1431
129
1032
3925
81
202
1200
131
1183
49
33
1496
1265
1253
1131
932
5035
1062
12903
3658
39
6597
4585
3666
964
-1
1410
1328
3889
12767
1512
3636
4081
4115
4033
2
19
4114
88
1524
140
4087
3999
1012
108
7534
1032
1150
3819
1563
46
3410
1481
1431
1252
3140
3587
1610
3649
6212
4238
1350
115
4003
1414
1327
4711
1437
9980
3834
1321
851
1693
1489
9768
1425
3843
3587
112
1251
943
1281
5119
13315
3589
151
1403
2907
1492
1496
91
1220
3497
3831
1238
149
3941
6494
1620
-25
1165
1323
4165
3883
4056
87
5891
1451
217
852
4227
1150
3984
1402
3921
14382
855
10350
2
1693
1432
4242
66
7014
1214
7171
1556
2917
1208
1229
3919
978
3899
1297
4194
1027
8050
10490
4770
79
1333
1280
1065
1452
1301
1022
1443
1047
1512
1281
1348
1301
4073
1296
1005
1008
3667
9159
1275
1180
1603
10812
1468
-25
1600
1110
4030
3996
1156
1367
911
89
3927
3808
3276
1631
-12
1136
5349
80
10509
1335
1375
3899
840
4081
9993
133
1032
6749
202
4569
8371
1363
1314
4293
1174
1244
114
3669
-18
1374
3276
1243
958
1384
163
764
3840
1377
1045
1155
1407
2944
1173
-6
163
13545
3905
1311
7598
1481
3772
12556
1590
1364
9152
6797
1304
4381
1457
1111
1654
1238
4133
1498
1500
4353
1495
13635
89
986
1263
1063
1353
1111
14078
7063
4339
10570
3964
162
1125
4037
5405
1041
927
187
-71
1187
6312
12968
1255
1178
1202
124
1027
3739
6418
1442
95
1030
3579
127
1438
1014
3739
805
1569
5245
1047
6379
6042
5843
1714
1195
1046
92
1352
877
6856
8228
4321
6019
1559
3604
125
1151
9675
1264
3685
3520
136
122
4110
1272
4343
8938
976
1233
1367
1310
1526
1242
1306
8
1607
5925
194
4109
10460
1032
1262
1290
1221
1127
3810
3374
4199
7550
7384
877
170
4027
1413
4209
1165
228
1313
3770
7679
4445
1393
3938
28
3885
4319
5197
6906
1307
1421
1405
1491
1239
11176
1370
3791
1483
99
1410
8368
3442
105
1267
1052
4053
3937
1406
1575
3987
7
6316
148
3887
1183
3499
1368
4007
1501
3785
1166
1401
1474
1269
970
1533
1353
177
1414
13157
1311
7193
1340
1422
3959
1191
1229
1533
4143
1218
6334
3551
3922
143
1367
5089
1418
1073
1027
7354
1127
1285
1315
1444
3759
1256
1277
976
4075
1125
996
66
1386
1487
6376
910
93
4114
1338
4227
1614
3939
-15
1429
123
4652
116
1065
196
1048
1323
928
1101
1116
7094
3533
3853
10097
982
1274
179
1172
4118
1070
4930
6975
3709
1399
4960
3834
1308
3804
3768
3544
3944
55
8101
8409
3487
3830
5042
3924
10408
0
1352
1094
3814
3697
1203
1476
4120
6853
7616
1262
8226
1265
1438
7438
4003
1172
31
126
314
1368
7865
5768
4349
1416
3900
11422
1088
11764
3665
10010
3317
3449
4184
-23
1533
1012
1232
3722
1283
3611
998
5542
1448
967
935
3751
1336
1441
1479
1459
3866
4886
1558
1432
3599
131
1586
5465
1217
3922
-168
1241
101
3728
13668
1359
3727
11535
3182
1050
3775
9204
5506
4027
1128
127
5216
18
4002
4426
1118
3526
3384
5406
1556
1152
1307
1241
3248
3584
1211
1439
938
14350
1310
1677
1568
6486
3794
897
7107
1344
4908
3716
8411
3846
1520
3771
1143
1317
3601
4002
-48
1178
3575
175
1380
3940
3918
1422
1140
3620
3988
7085
39
4293
3962
1328
1863
3932
1520
48
5668
1531
13445
1327
1331
3582
3753
13314
3631
3625
3508
3890
1338
655
173
1253
4116
1154
3506
3739
121
3651
1089
10261
1091
3389
1097
3385
1486
240
129
3496
3686
1412
943
1327
1338
1232
4079
1502
3800
1092
1399
3487
4394
1643
1255
7402
4881
3845
1197
3806
1277
1201
1082
3426
4132
1165
1248
156
11003
1580
1426
71
11372
6813
1169
1066
3728
1511
1149
1316
3232
161
4364
3643
7089
1196
6913
848
1431
3690
7936
1203
1267
1170
1140
978
13187
1423
9208
1060
6134
4003
4429
3834
4363
1201
3639
34
5937
85
5866
1290
14333
1636
875
1656
110
11798
1232
1358
4556
3595
1291
1329
1230
4328
1251
3717
980
1485
3815
7884
1445
1252
3810
1392
3643
6397
1256
1043
6774
7321
3871
3840
88
1521
4274
1255
3918
1420
3760
3658
112
4059
3694
1288
97
7565
841
152
1287
10502
1428
1033
3792
3904
1084
8582
95
1245
1041
173
8025
4611
123
4078
1070
177
3959
1195
10694
1196
4218
4655
1575
3875
5110
943
1282
8525
1376
3978
933
3460
3626
6110
1010
4050
3239
181
7285
1414
12594
1080
1050
6859
6937
1264
3998
7065
4250
1687
1252
3769
1410
3841
12606
17
9949
3268
3707
3873
3636
1228
1304
4670
4098
3516
1294
1233
4080
222
4108
6703
163
4484
91
1007
136
969
1204
3886
3949
3992
3329
92
1447
1407
1458
79
1167
1336
3978
3897
76
873
1327
1508
32
1024
5455
3869
1325
963
1170
7112
1400
1403
6
9548
1117
3761
960
1133
1397
4242
4429
4378
1435
10247
1367
3857
3956
1262
1161
1390
1239
6283
1311
4994
3380
1362
3787
1300
1258
1197
954
1020
1021
1195
6853
959
3972
852
4638
891
1159
3685
15070
58
1268
1468
3969
4084
1315
1410
1110
1106
11205
1300
1129
10405
1228
1593
1197
7328
4135
1231
3804
1601
1451
3907
1226
7987
1207
1318
1365
3450
14400
1570
1302
1050
3905
4328
1191
3148
3913
210
3823
1113
1237
12491
12933
1414
78
1534
3376
1529
986
4721
1744
40
189
1004
1503
1131
3865
3700
1587
1093
3723
897
1066
1176
3572
3947
4262
1334
1149
-11
4154
1038
1398
1149
1659
9512
9124
-27
9866
61
1467
3901
1404
123
3936
4207
6046
880
1048
1261
1571
6318
1322
1634
1390
3847
3955
963
1089
3794
46
1406
1292
1169
55
1463
1186
6183
1506
1326
3798
1330
3710
1350
1077
7662
4653
3562
9195
1065
3930
8829
26
3556
1578
1004
11925
3704
1622
94
4024
31
1514
1158
1691
1121
3788
1360
4077
4062
1304
5066
7971
1251
11216
12387
1575
1400
1169
1103
1474
1005
968
1481
3084
8161
1472
4139
1130
1345
4071
-49
4183
-8
1319
16
79
1132
1390
3739
886
1277
1196
1267
4184
1344
1293
3832
1424
3733
1269
1264
1361
4047
960
115
165
1072
8137
12546
4082
1098
69
3742
1126
3848
1450
1405
4148
1007
6297
4394
846
5847
1281
30
6399
4084
1123
3880
3728
1123
3972
893
1032
984
1258
10256
997
1484
1278
11710
54
2864
1302
138
-26
900
1381
1358
205
161
1481
3709
162
8975
3649
1530
9503
1671
3775
117
1495
1589
3867
921
8950
92
3746
6004
1013
9763
1383
6922
4199
3811
1560
1621
1120
4056
953
9946
1304
61
6904
1148
7
1213
914
5261
95
1652
111
4090
3870
963
4073
10
1152
1163
3492
1064
1299
1555
1653
950
138
4252
1543
1281
1130
7356
3837
4240
1113
3778
1286
4122
59
186
867
4016
5375
1397
4050
141
9457
1118
1785
6899
4408
663
3438
7245
1552
1388
1052
5581
9657
1600
1357
9412
1204
1166
1395
1141
1284
1186
1353
4573
1448
4105
-1
13548
800
1244
1081
1060
-27
3341
6783
35
3790
9478
4041
4151
1151
10
3754
11566
1228
11077
3852
11079
3524
4935
1385
1369
1283
1268
3554
1152
191
1502
1643
3954
864
863
3836
1309
1733
1264
4794
1302
140
3962
1383
1291
108
3982
4185
1533
4352
1210
9125
3719
1037
1164
1490
899
1283
1205
95
-20
1070
1235
3887
1632
1457
1040
4124
1319
107
3627
1379
1168
103
4447
4419
3582
7157
85
1483
4100
79
157
10742
1505
1482
902
1473
1451
10022
1447
1485
1594
1221
59
1387
1648
1120
3808
3558
1406
3132
1429
1045
1084
7071
6286
1269
4261
7691
181
947
3930
4180
1008
871
1326
3466
3255
3600
1429
1513
1627
1221
1537
1330
3585
13859
6559
11858
1178
1380
73
1393
992
1413
1186
3513
13122
3505
114
3836
3873
1302
6845
4251
7115
1510
1099
3678
6821
1388
1136
4025
6868
1141
11473
3732
-68
3431
4170
6725
11233
165
4194
1517
1028
5621
777
3668
1478
4243
3665
1200
1474
150
3894
160
1426
986
3745
4164
-78
10253
4794
1576
10510
1308
1467
4083
-55
1227
119
1235
1507
1763
1016
4085
996
152
2983
5244
3861
1350
3505
4056
1270
3387
1149
6274
1579
1141
3329
1517
2731
920
988
1547
27
5828
10657
4020
7940
1497
1708
1729
3801
3809
3785
11753
1381
5021
179
1091
7789
4153
1075
11484
3410
1390
1109
1355
107
118
3534
9390
1506
3859
1182
1180
136
11239
3775
107
1690
1271
3977
1265
15
-3
4120
9476
1118
121
1526
11291
1311
4006
1461
10006
1500
1373
1274
211
4324
10889
5636
1223
204
1628
1458
4200
3296
3783
1421
1158
1079
34
7343
1497
1248
1315
1392
1615
6899
1348
1207
1288
1312
4355
6333
4078
138
1361
1302
1445
1323
111
1273
90
1777
13921
1390
1273
11626
3999
47
1470
1425
1209
3359
1514
6792
7060
48
1317
13859
1207
1277
191
1451
1487
949
9322
134
1244
12703
1578
1234
1350
1172
744
1125
29
11787
1372
1393
147
4314
1445
1428
3943
112
40
9325
1552
9734
1247
3933
3758
1032
1530
183
3541
6451
3902
1650
3797
1175
997
1107
3954
1088
1300
1406
958
3857
13337
1176
1250
1193
1358
1063
3859
1148
3853
1264
1293
1284
1377
161
3854
1270
4045
1278
1110
12080
1334
83
6932
7082
120
1232
15233
4218
1318
3759
1464
1134
1556
1351
1586
-75
1207
1179
1499
167
4139
1002
5656
1565
1541
1144
1156
6859
1311
3423
10315
3937
1537
1181
1247
874
3555
162
3992
164
1348
7
4251
1537
14641
1479
1357
6312
1083
1461
1452
1297
7144
1247
1021
1078
1218
1321
3856
9309
986
1276
11657
4044
1208
1324
1468
3752
1240
1436
4309
1343
3835
3874
11743
13258
3840
1152
1558
4361
114
1204
1384
823
11234
3890
1288
6616
1198
4127
12796
71
6806
3607
1439
1207
1036
968
1361
1234
12571
1519
976
6191
1158
1625
1363
7518
1014
3754
153
3813
139
1233
8308
3813
7312
3892
3975
1013
202
1404
1321
143
1332
6737
1104
4010
3825
3636
1249
1309
1392
6635
3676
923
1366
93
3305
1198
141
58
1919
3862
1517
1426
1354
1303
3395
1520
1494
3716
9827
959
3992
59
3257
1210
3851
4098
40
4382
3912
1483
3876
4150
3607
3722
151
46
1296
843
12304
973
54
1561
128
1581
1530
180
1043
121
1101
1005
1328
1017
3806
1335
1234
948
1116
4181
3821
3770
10642
872
3373
1426
976
11310
13186
1304
7058
1195
1214
3529
1175
4195
1179
4023
3953
262
1214
75
6275
1027
1236
1513
4235
183
3531
1246
1021
15247
3777
1273
1132
4168
1219
103
925
105
932
1473
1161
4668
10426
3379
1251
1355
12269
1225
1177
3678
4252
1328
1210
10383
10568
1576
1209
1689
104
-27
84
7305
1123
1042
977
1088
1132
10636
9740
7194
1563
13305
52
1165
5856
1089
1268
4942
17
1498
11746
3941
996
10170
3893
114
3476
3667
68
14661
3750
940
1401
1355
12242
1208
1165
598
4166
9960
1155
974
4933
1148
7128
1611
1255
1082
1560
13944
130
50
1104
7281
1155
4761
5084
1396
3990
1280
3121
1174
1518
4083
3736
5814
1156
3342
12545
47
111
1491
127
1295
1367
1477
1122
1287
1233
994
3567
7263
1432
954
4021
11764
906
15122
963
3768
821
779
1675
860
3953
180
1432
1260
1310
1020
112
174
3776
1205
6579
1603
1336
7097
3905
1087
8514
6131
3538
1070
1435
1270
9595
213
1397
1151
967
1266
161
4085
4146
1471
3434
1419
2887
3839
4283
1055
1272
1125
43
1287
3367
3740
1236
177
4019
3377
1240
1221
1041
1104
3537
5805
6723
4253
161
1105
4233
1513
1213
3933
3976
5187
1269
3943
1200
133
9882
1007
1210
1237
4202
963
3884
8693
1392
1307
3479
1084
1344
3966
1464
9095
3936
1555
1173
4157
1283
7921
1344
955
1091
1172
1421
1254
4047
1209
4013
1369
3527
1586
7835
3658
4942
3602
10375
7045
1117
4068
1487
1109
1315
999
11219
1235
7888
1145
1271
3843
8082
1433
4485
3881
1125
13538
3857
273
4175
1420
3855
1371
1365
53
1299
1152
-10
3691
1749
1050
149
10350
4346
10207
1578
3899
3364
3893
3428
1630
111
1589
4785
995
8648
3871
3318
3985
1278
6646
8869
1085
1179
76
7301
1370
1168
1474
15049
4333
1190
1297
4245
4918
6799
11881
1738
1549
8375
140
1466
865
4017
677
820
3926
1033
2882
17
1557
743
1399
1131
3596
3837
1607
3433
1181
984
1092
3423
1477
3950
1081
3441
1353
4036
140
1473
4064
1570
1481
975
4291
1410
3854
1146
3787
12273
3939
1581
4308
10136
1199
990
1324
1337
1042
1053
880
1235
12382
4008
1132
1583
5712
1453
1453
1187
4113
1368
1411
1460
230
4017
1391
933
736
1103
1570
1132
63
3347
4658
1152
893
4045
12880
12539
3982
6782
6913
1248
3851
3508
3990
1241
1286
3699
6363
928
4044
-91
1487
1355
1115
1402
1420
1300
1277
3515
3505
1190
134
1356
1164
1239
3578
3930
6217
-6
4106
1483
192
144
3963
1275
1288
3889
1594
8136
1609
5816
1149
3966
8641
1593
870
11950
1365
1361
1379
1082
3768
4888
969
6213
1358
1265
1282
1591
-8
3933
5038
1547
4339
1297
1358
1190
88
4140
7886
1702
1168
4206
3906
3998
111
3804
75
10134
1228
1017
3874
3753
22
7128
6859
3293
1173
4726
1139
13901
167
4209
1112
1263
3608
1326
74
1444
3639
3955
3656
7147
5716
5977
1264
1140
3738
50
4167
1293
3733
969
3522
1262
3792
1369
4170
10496
1488
4909
1102
4060
3941
993
1357
66
1422
4285
3921
1293
4114
14531
1256
66
1268
1336
4272
1171
1369
982
1573
2806
1337
1489
1222
1030
1169
1142
3865
3722
893
1285
894
882
919
1344
3910
4067
4158
1182
1000
4277
1483
3684
167
7276
1479
1426
11178
1472
804
3602
1378
3848
1114
157
1541
1050
5029
932
1327
7025
1190
4211
1438
85
1186
11910
1285
1105
1486
4102
3853
6070
1090
3662
1543
13493
1401
1028
1174
214
10367
1483
1167
4320
74
1236
1565
1121
3825
1137
3883
7949
3890
1321
3454
3777
4000
30
1428
1421
-19
3380
798
11356
1537
209
1135
1395
3887
1159
1352
928
1235
3894
4025
4185
1387
7369
1059
1466
79
1293
13589
1134
-48
3741
4041
3952
3531
1443
4206
836
1117
7560
1284
7272
1443
997
1673
3953
4741
15171
1735
178
1466
157
917
1520
173
86
979
101
1392
1186
132
4682
70
1696
861
-6
82
1154
5417
1422
1194
7067
1269
1492
1411
3507
986
3200
1376
1126
5583
1100
1666
948
7656
1506
4889
1413
1118
1187
3992
1134
174
1415
177
1148
208
1223
7426
3956
944
4194
1323
3138
3795
1342
1146
1324
1054
1313
1220
11370
1358
1326
5537
2704
926
1350
4804
4073
1098
1323
4534
3762
135
5777
1316
4007
4034
1262
14039
60
12593
3982
1398
1328
4372
1236
1110
135
1287
4201
6227
1075
5936
5069
1124
3483
1515
4289
10063
9534
6985
3731
253
1363
3696
6715
1073
1397
1409
5127
4119
4023
1439
1456
1018
1087
3281
1297
1574
4663
1423
972
103
1491
1564
3848
4395
1166
1258
1156
1142
30
3615
1337
4020
87
1151
3908
1437
126
1349
161
7606
3591
8
3798
3751
814
1151
6961
102
4030
1336
1286
1475
1500
1260
3522
1455
7824
4154
4
906
1355
1223
1190
6595
13470
1261
1327
1441
1094
1124
4232
3556
1141
1003
1541
1396
96
3765
1352
146
4115
1385
1415
937
3616
1166
4046
59
1232
1372
1308
1241
4898
1489
3669
6258
3838
10743
5966
1351
996
1176
8928
4462
3932
1330
1248
88
1044
3977
3936
1250
927
1232
1182
4092
1407
1057
1218
139
1436
51
6758
4179
1136
1411
1213
1081
3105
7331
1088
4450
1345
875
1542
1403
1447
3589
73
84
3796
1316
12194
1176
1229
3607
3807
6468
1355
5720
1315
1499
3131
19
1377
9918
12379
1512
4258
1031
4189
1129
4259
926
3515
3455
1322
1282
1295
1394
3812
13747
4844
1184
193
4009
1346
1154
3849
3990
4744
9960
902
1490
26
4938
3579
3078
1446
4374
4020
3830
1178
13705
1413
-63
1510
1088
3310
9040
1226
3922
1184
3704
1214
8305
1421
3822
3901
51
4125
3970
3901
1400
1179
6615
1210
1122
8707
1495
8287
1413
1484
3837
1181
3779
6164
1304
1057
3656
7282
3663
1483
4052
1556
4250
1408
4135
1277
1379
1551
1382
4163
1259
51
10331
114
14282
1475
10541
4521
1493
1355
1479
3381
6951
3972
1171
1047
1455
1100
136
5916
1333
1428
1160
1133
6879
4107
937
73
4115
90
1420
12271
4215
1303
1571
988
3525
-40
12522
1349
4450
1444
1566
156
10848
1499
1016
1465
3273
1331
1031
1212
934
471
1288
1036
8664
1420
4066
1396
4031
32
11163
7093
29
9997
1389
4220
1484
3795
1406
1316
1491
34
1035
969
5969
987
3911
1274
4088
1331
4197
4124
1305
1299
4170
1165
1050
3
6952
3983
5868
1024
55
9
835
1344
1460
1343
3936
7694
1140
1345
34
3870
1244
1434
1135
1145
1219
1399
1065
6904
1100
225
3629
13004
1540
1724
3846
3969
1173
8554
1234
5671
1028
1430
6109
1277
5297
20
3857
1600
4360
5136
1270
986
1115
1304
1457
42
1193
14487
1135
1552
1271
3937
1121
1575
861
6803
863
1011
1299
1869
133
4847
1391
5815
968
1376
3285
1147
1319
1523
1094
1422
7428
7190
4040
1477
3774
178
1167
1151
1378
1662
57
1403
1357
1324
1190
986
1620
1041
1436
11348
103
1161
3889
1641
4093
4243
888
1167
83
983
4287
3809
6409
11389
4047
4442
54
4304
9342
158
4204
1334
1286
3915
14542
1399
4321
1310
11969
1299
4024
148
1253
1257
5947
-56
8519
1352
11252
1269
7617
1089
28
132
1388
14368
1392
1183
60
934
1460
1266
9052
1303
3616
1051
11341
7275
1345
4210
6136
1491
10831
1227
1508
1256
4240
186
1287
1343
4109
930
138
1453
11450
1197
1489
3783
7462
1233
4117
1269
963
1265
1406
1159
4050
7071
42
4413
91
1063
3968
7624
1428
3409
5666
1145
159
102
1424
1075
1601
961
3449
169
10603
1332
4386
4057
910
4201
1357
5017
10032
4855
895
3841
3
1467
1846
1467
149
980
3830
3645
3763
1131
3463
3797
1574
1481
8374
3677
1426
1396
1396
7525
1507
11378
94
1263
10739
3994
4083
1133
4992
185
1497
814
1126
899
13766
8600
104
10173
1485
7162
1469
34
7545
4407
1270
1094
1241
6527
1284
901
4205
1509
4588
143
4056
1048
60
10528
4255
3326
1209
42
51
5229
4209
3886
1066
949
87
3958
1171
1476
3699
1039
1336
1270
4202
1355
967
1364
4031
1360
1206
8923
1255
3539
963
952
1704
3139
9430
1260
1211
1464
3954
1480
1143
124
1082
3548
4786
-73
1636
3711
11187
1221
10416
4820
1352
1147
1672
1058
869
4115
1328
4148
4388
3912
1101
4192
4039
3997
1565
1450
1535
1389
1225
3724
1275
10045
1547
3821
3687
6900
9435
1348
158
1269
1594
3895
3334
1219
1011
1530
9759
4074
1405
12576
3755
12785
3882
3903
3956
4506
96
1140
3863
66
1354
1215
10088
4043
3697
1103
1541
1152
5948
1264
1497
10529
15064
77
1135
3859
1134
232
90
1246
1402
10908
899
1327
1485
44
1233
3782
8439
3715
1028
1289
4020
-52
3917
11783
1448
11654
965
1510
1368
1237
4353
3612
2667
1127
1274
1366
5520
1226
1140
3641
1373
3097
4156
1249
1023
-31
12688
3767
3782
994
-26
3564
4084
996
3946
139
99
1247
1494
3767
3861
8274
1324
4083
4054
1414
3893
3823
3117
1364
3814
7559
52
1296
1355
996
1360
1332
1075
4142
990
1158
3447
920
4058
3125
7901
8957
3978
1042
1206
1390
1099
1492
1576
-20
125
4206
7423
1423
6147
1104
1499
30
1318
3951
1377
4078
165
4008
4416
1533
1009
1266
3314
5020
1246
1061
1405
1513
8458
1256
8135
3810
1315
1038
4073
4004
4290
1400
4154
1742
3948
1078
5976
14472
7882
1549
117
4667
3670
1202
4108
1466
4351
5808
1221
1058
7123
9412
1019
1
1193
1011
4081
4262
3344
971
11766
1371
3467
214
3827
1522
14062
4567
5284
170
1280
168
11593
180
8743
1089
4403
8143
1370
1231
6567
1593
1157
9917
3836
1280
101
1114
1623
4036
113
3731
975
1097
1382
4043
1285
3618
3720
3871
103
1237
4835
3848
994
1344
1515
128
73
1636
1185
1133
3904
1048
5690
3375
1359
1418
694
4849
5976
1594
152
1285
5733
9399
5812
13937
4083
187
1199
3533
3988
7174
35
3554
70
4121
85
1196
5707
1572
102
1523
1287
13302
1132
3775
11974
1449
1053
5714
3868
1380
4046
968
1130
3272
5573
4467
49
6687
1354
8799
170
1042
5074
14117
4000
4147
3849
4100
4091
1387
1285
4054
1176
4051
1418
4187
4738
3737
10472
3861
989
1167
3847
1549
1080
4033
3931
1460
4117
3635
15224
1068
15209
3558
4183
3555
1418
4064
46
1152
3048
3682
1344
4113
3832
1109
9987
102
9026
7224
1453
1288
3891
56
959
3489
1223
3721
3218
4157
1074
3751
83
1289
1346
4038
1135
1585
1247
84
6060
1165
4961
7963
6500
1500
1065
1568
916
6742
202
1550
1361
3674
4280
4095
788
1534
1502
3413
3799
1460
3682
4069
3615
1312
-108
73
5214
14239
1470
3657
3746
10749
1212
61
1187
1469
4090
1374
1433
1037
1575
70
-1
4744
1275
4479
1430
1259
1383
182
5033
192
13451
1126
4165
1191
156
997
1469
68
10058
14957
970
26
115
1441
1467
1304
4014
4115
905
3042
1472
7240
988
1326
3836
1465
1348
1282
1542
3664
4134
797
1257
1597
5821
21
1416
1694
127
1346
1314
1342
1596
4056
4009
3633
27
4388
1028
1655
1427
3650
1297
11419
9993
3700
3524
133
1442
3546
1463
1058
1274
1536
907
899
1273
76
1218
982
6401
1442
7348
4222
1158
1182
3931
100
1521
1112
3804
-1
1040
848
102
147
1302
911
1193
5857
1020
1305
1606
1222
1079
3690
12190
1348
15102
5806
1437
11497
4495
4555
3821
4382
1279
3738
3199
859
9742
8083
6178
4268
1177
18
3838
1433
3857
1182
1424
1308
3637
3774
12870
6856
4678
1456
9785
4213
3808
3071
1107
3914
1421
73
91
94
1378
1422
3775
1536
1210
3832
1272
1412
639
1203
1413
1064
1081
4135
135
241
1308
1160
1479
4036
1434
1517
6731
101
191
1372
7294
1241
1356
3579
1333
4524
1644
3584
1274
1299
1149
1333
1555
1170
62
9639
32
3830
1197
1584
3510
722
1313
8064
1219
1284
130
3878
4011
1201
37
1371
1209
10456
5035
151
1530
1664
4024
10891
1597
1283
10825
183
3670
5755
1034
13943
8122
9265
1380
10162
14
11441
1379
1186
880
1492
3874
1169
1343
14201
7019
99
1289
1369
3862
1159
3957
1398
1134
5634
1142
34
11635
9212
4309
159
1336
3958
166
1157
138
85
1071
3980
18
4123
1517
3766
1479
1430
84
9294
139
940
4632
4007
71
4289
14146
7483
212
165
9471
13468
1303
4084
904
1043
3976
1551
13211
3989
1456
1501
1021
1201
10887
175
4133
1147
3756
925
12119
4141
3684
1355
3742
1264
7066
1412
37
4449
1298
3766
1432
4087
202
1235
1310
3778
4426
1359
1478
1307
1405
67
247
952
1223
4052
1593
3899
12223
1264
4094
1503
116
1602
83
1175
7102
807
3677
10864
3891
1076
126
3724
1124
1672
1337
1708
4112
4157
1234
1140
4181
1080
1227
76
4225
3607
3598
845
100
864
3627
-35
4102
3804
12252
9409
1082
1355
4184
950
9349
1234
3962
3289
4373
4003
1248
931
1045
1574
851
1287
44
1415
3152
1591
6315
1351
1250
181
3853
4093
1042
1429
3394
264
1595
1473
1586
1087
10234
6479
10671
107
1409
1028
1424
1120
7338
4141
1261
1134
3999
1344
1402
1535
894
6175
3924
1633
4562
4380
1126
1454
1246
746
4737
4030
933
1098
3816
1242
1547
4165
1152
1398
8672
6687
1131
4153
175
6425
1210
1468
5959
84
1041
1062
1340
1306
12127
1
1332
59
3715
3989
-48
1156
968
203
1313
1582
1543
4816
3904
10620
1083
6269
1216
3654
-27
1408
90
988
855
1396
1598
1472
1384
1402
1012
129
1508
1156
7751
1541
1507
1479
3261
50
4138
1451
1769
8776
1282
3951
1159
4027
1214
3999
1464
203
4226
4857
1337
1387
9344
1418
1323
923
1017
1404
4006
1416
10
1131
1442
1061
5004
3849
917
3845
1317
1218
10116
1052
3749
952
5960
1124
1550
3316
234
1434
1418
11710
1320
1575
1306
3859
3991
1479
4012
7628
-26
75
1323
1526
1424
3913
11338
127
1621
1213
1272
659
3094
7467
1639
10504
1077
3505
1426
1479
1282
1394
3845
1395
1434
10704
987
1712
3826
889
-7
1318
1196
1325
3538
1617
97
1157
-97
4031
3775
1149
1214
8053
1281
3617
8134
153
8276
4012
71
1578
1425
1190
1205
12838
969
3701
3999
4240
48
1307
12497
4022
1290
930
4176
1303
7318
1
111
5563
4119
4007
6868
61
3348
1272
4255
202
3844
378
11683
13858
3793
1278
1139
1444
1485
1137
1358
9138
4178
4986
1300
3751
11100
204
1465
1362
320
336
15400
193
279
1414
4633
12456
1109
1319
4021
1110
1574
325
4210
1329
353
437
7275
3779
3787
1479
1050
4141
1495
97
1219
3638
14747
4115
1458
169
6487
211
3842
6846
1223
3039
1145
1393
4010
1076
113
1337
1135
456
161
160
1442
1171
61
4215
1297
4182
3859
162
1184
1348
1283
1301
3623
4345
3738
10997
1003
1713
1334
1501
1377
1380
1260
3949
1352
5510
3871
1444
4687
1355
130
137
82
1496
3028
3511
1313
1497
3756
106
1603
6730
14180
1091
1459
1243
5108
3565
3868
10475
6263
3790
73
4042
1358
1430
6768
954
1450
8723
1277
4105
4084
4005
1083
1065
1276
7567
3930
4067
1273
1418
5006
1301
4368
4298
3718
4326
8
4363
1236
13326
3961
1063
896
4128
3879
5035
8668
1225
1139
1254
980
1089
1407
23
4164
1227
4320
9891
9950
1074
7010
4107
11111
1478
4607
1429
1730
1446
1259
5596
3665
80
3120
37
4170
862
13928
1265
4049
4936
1296
1384
5587
163
166
1388
1584
3742
5671
49
3880
4685
4226
920
10195
4192
4150
1439
3946
214
1321
14791
1021
3315
4129
7268
913
1222
1173
1190
1159
1200
3514
3725
1182
990
3690
133
1171
955
1505
3944
3993
4000
3860
3861
1502
1225
1125
4020
5655
1442
3780
1236
7175
1536
958
4049
1075
5155
4107
1476
4099
5084
3998
1101
1346
1317
995
1307
3968
14497
1059
3590
743
129
72
1267
1221
892
1236
5636
10921
1241
12530
187
1636
800
1472
919
3770
3640
1155
1463
62
4081
7899
3966
829
4042
8448
1207
3786
3896
892
1446
3778
14458
4051
12305
8089
6980
81
4029
7920
1294
3977
8345
1444
1530
4207
1248
1208
63
10809
3962
823
8235
3385
-27
3884
3860
1441
89
997
112
4061
1337
1395
4106
1206
1129
4221
1312
1207
824
18
1375
5348
1314
876
12042
10034
8752
33
3772
1126
1247
8699
7878
1479
1321
1208
4230
1798
1043
3544
15149
4161
6815
1321
12568
1389
1068
8136
3915
1489
1342
1211
1284
1373
10137
1551
1026
1361
1459
1168
3961
1223
1405
3938
910
4268
4902
1584
3741
167
-68
3227
1167
1338
4799
4586
1039
4237
1389
1320
964
1421
1134
130
3660
1291
1363
1304
1089
989
969
1658
1507
4936
1028
4101
1371
113
1635
3927
4252
7243
1165
4321
1183
37
127
8877
1421
1271
1362
1503
3949
4163
3559
4056
1415
1351
1285
8443
1563
1521
1221
3994
7403
11955
3719
1779
3759
95
1230
3542
1690
3790
3431
9565
1107
139
0
1333
1321
3744
899
26
2720
5849
980
1030
4936
1321
3903
1167
1248
3708
14569
1546
3800
164
1460
9087
1683
1236
1268
1455
4783
1080
3577
3975
31
7293
3545
1306
4406
1318
1509
7609
7321
1294
107
4590
1131
1229
4052
3870
4098
1050
4031
1496
3864
1172
1375
1313
4017
1258
1290
1145
3660
7892
1605
10679
4935
40
4006
1274
3786
3620
4082
1088
4308
3671
1378
1319
138
12906
1611
3767
1220
1370
1227
1353
3559
1524
1063
4250
1248
4005
1486
4099
4081
7112
1261
1438
3878
12125
166
1467
1243
127
1423
1263
7648
1279
1376
4040
12543
3487
10449
11620
1306
1387
10101
9402
935
1082
1335
13504
1142
996
4717
4216
11523
3743
1098
4520
1025
1655
150
1176
1207
244
3631
1025
4850
1504
1060
1609
5280
36
4639
9905
1085
6596
4927
4028
1308
1339
953
1397
4109
13540
3734
1282
1540
144
10069
1471
7632
4213
1193
1414
958
11294
3806
976
1159
3649
3490
112
9088
3746
104
8349
1220
6461
3968
9248
1330
1126
6204
1118
8488
13220
1541
1205
4182
5927
1330
6211
4152
759
137
868
3746
1141
4341
1403
1178
1146
1180
1415
751
3874
5207
3630
112
1026
2916
3673
3718
11041
7529
1320
4839
3692
109
6646
10086
3538
1474
2842
4086
524
1434
3927
1449
5501
1388
1392
4997
3879
1217
140
1421
1274
12295
1164
3499
1498
1571
4050
1018
1395
1265
1370
39
4276
9869
1121
5083
1138
1547
214
3967
7
27
1403
4212
778
1411
1458
3382
37
4762
1478
3949
5149
1315
1299
1283
1630
1825
1456
1446
3953
5871
868
4023
885
1364
4056
1006
4015
4918
6892
1355
4257
4039
7030
1464
43
6013
6976
1320
251
1132
3657
1216
947
1338
1398
6590
122
3882
3803
1218
1820
9575
9701
117
11402
63
8185
10930
3936
9265
21
1228
7756
965
8960
4454
3974
3720
198
14
4186
1055
5118
87
1323
4303
1098
3840
3845
1196
3780
111
3852
1045
5949
4930
1479
1537
1492
1501
3546
1481
4196
3600
7019
1219
1533
104
1610
1221
1500
1205
3958
6753
819
3611
3934
1160
3518
1026
1313
1232
1096
1529
1168
1393
22
1269
1364
1233
12
3835
1075
1337
13891
4209
1042
1398
84
22
3697
1051
1464
3730
1454
97
1523
1426
3548
1567
1180
1654
3156
7216
1322
1213
5129
1245
982
157
1287
4008
1082
4181
3724
822
37
6438
112
12640
1412
6117
1485
3761
3724
3716
1390
1357
58
1533
4092
13343
53
204
181
3633
201
3477
3936
1070
5892
1511
1386
4102
3180
8684
94
3968
1486
6274
1527
24
1423
27
3543
3966
1173
10433
3895
1599
1602
1248
1398
1486
1457
4107
4015
1324
1357
1291
1470
1464
4284
12235
1233
6932
4407
3742
1125
1612
1051
4309
1013
7237
1253
88
12572
1505
1440
3898
1615
1223
4140
1154
3979
1315
4087
1184
1256
14642
5929
1270
4895
1038
1429
3548
11324
1580
10537
4077
8248
1256
1318
987
11194
11358
1364
1764
1249
3976
3915
1203
1336
1086
1537
1056
7127
1434
1103
6438
6697
3706
1623
1223
1339
1291
8801
4032
4640
976
1297
66
3731
8558
55
15112
156
1711
156
1401
120
3594
3831
13278
3866
127
1293
1034
1491
1062
1899
1238
-67
180
3370
215
1376
1459
1214
1258
1270
1088
1315
94
24
102
1009
1070
1593
1167
812
182
155
1481
1426
61
6013
4063
9511
1088
3934
4726
4116
53
1361
1243
1418
1708
31
1313
4337
3999
3954
7353
1376
3754
3781
13
3837
55
4009
1662
1657
1301
1038
3998
5550
1325
4194
1167
1263
1238
1000
3629
79
1176
1147
1407
4142
3540
3926
4623
3218
1221
1593
12997
4227
1289
164
4016
12509
3684
1047
963
126
4320
1086
4168
807
1521
1199
1221
7308
1350
1530
1190
1298
1105
1456
3531
1261
1429
-42
1068
937
1270
14197
6575
3860
10112
1206
1088
900
1322
1353
3466
3639
1268
1190
1089
1154
1117
3666
3633
10500
1311
1513
1561
1018
1287
3710
1414
1385
1438
192
10367
1064
1302
136
1098
3821
4340
1369
3791
14153
-26
1339
3869
4663
1170
1479
1254
7486
1307
8604
1257
1206
4177
4057
1519
10840
1524
119
5636
3686
1120
1333
3675
3543
6299
9767
136
1575
3848
5094
1220
1174
1239
1339
1301
1664
1490
35
955
1547
4332
4338
11168
12565
1054
3974
1134
3820
4053
8068
3712
1250
7009
4086
7986
3375
5468
7365
1593
899
3679
14383
1037
1276
6412
3989
5242
1443
1442
118
9310
4216
1355
917
4134
10568
3304
8060
1156
1297
1433
13661
1426
1469
2900
1435
3170
1504
1239
11293
46
3758
1292
12042
1296
959
3597
22
3625
1524
1127
1453
5093
3764
35
3615
-94
4162
120
1202
1380
814
1541
6930
960
11433
4349
3636
5286
3603
5986
4594
4212
3946
1077
1468
1261
1090
3713
934
77
863
1593
3685
4091
4120
4732
4078
1543
1244
1051
1408
896
1465
1111
1216
7395
3796
10
13986
8154
7104
3758
3880
4152
1293
4207
174
-33
1444
3850
72
1347
1568
1390
7100
1159
210
4019
8266
3689
-3
3688
1653
1478
6250
3881
7537
1375
-32
1283
4469
3847
1154
4956
1104
84
3946
1098
8099
1320
1575
7715
1324
1529
4115
3880
1093
1162
1059
1027
95
1661
1006
28
9028
109
3532
4147
1356
9730
1
1222
1186
4440
1146
3862
1493
163
4296
124
4014
4130
-41
1104
1276
1009
1207
1282
61
1526
1133
1051
1435
1220
4210
1132
1107
3991
1239
4019
1105
3544
4336
3912
11456
1610
3874
1223
1491
1148
-11
4621
64
6231
1356
10872
1103
8532
171
3590
1484
1225
4353
1544
1129
4136
3576
1326
3854
1220
6
1395
1835
1382
4416
833
1034
1234
3781
3927
4017
1156
1273
3626
4161
1175
6037
1257
1303
7001
1359
1224
3697
1004
1473
199
1288
1364
1358
74
1193
1387
5876
101
1295
949
104
1645
13061
1436
1231
4147
1248
3529
11271
3945
1467
5761
11537
3781
1144
1603
4148
8683
3599
1367
13994
1616
1429
4116
4250
171
1139
4240
67
5378
13514
1562
3545
1177
14594
3977
10386
1005
221
1214
1267
1228
10126
119
8293
3557
1217
1380
5612
15100
1114
3202
4211
61
1490
883
1463
1640
101
12173
2995
4244
1250
1340
5002
1433
11033
13942
1519
1275
9719
1106
12550
15
1193
788
5013
1537
3081
5623
6089
1326
3585
1475
1072
9091
813
-8
4119
9017
1123
8125
9947
1444
1356
1252
6260
1447
1199
1373
4052
7125
1226
5133
4432
4012
3916
1009
73
11456
4211
1256
5975
8944
5737
1009
1151
4413
1514
7656
203
1486
1433
112
3993
7936
1346
909
1330
1090
85
32
14514
932
1530
1568
1398
1355
1425
1277
1603
4760
796
8434
1542
1383
31
1148
173
1212
984
4185
1099
3315
3216
861
1312
1374
1310
3889
1340
82
1204
3420
3629
1251
3903
3910
1407
1535
5824
11486
13301
5714
1124
115
1238
1276
4082
1304
3183
3789
1325
826
3422
1137
3522
1087
1383
3848
1412
13713
1456
1343
1468
3927
1414
1434
1033
3292
992
84
1115
4888
4347
3787
12180
4162
13943
1367
103
786
3964
7666
10405
1274
126
6649
824
119
3975
1443
3892
3611
1076
1415
4469
869
5187
1344
11615
1429
916
983
3865
91
4280
3622
1153
1679
10042
1133
9663
1302
3542
6664
3434
1178
4031
13850
1114
3910
13450
1428
4326
1423
3586
722
3936
4070
1260
3576
1335
3563
1542
3976
3999
10756
1343
1406
1242
6027
1212
9182
1051
3525
5911
3905
201
6282
12012
4148
3826
8903
1351
1564
1233
972
1281
12345
17
1435
1217
10578
1393
1034
12419
2468
3824
1370
3821
63
1248
1238
3707
1217
3874
144
1217
1671
3844
4163
4061
3858
978
9252
852
9282
1543
1333
6142
1097
958
4099
5090
6958
67
4310
1344
1488
1305
11741
1396
3571
13362
1231
4432
932
10783
216
4078
1423
994
1656
3995
13083
1141
1190
3772
1346
3953
1082
8092
3393
3825
4496
1243
1513
168
177
3792
1593
4799
1071
3918
1671
1287
1350
8478
3030
10169
5990
868
4101
4131
9554
3587
3817
1081
968
130
1362
4031
3762
6707
1300
4267
3526
1436
7906
8146
1169
102
1188
12244
1234
3683
1036
1445
945
1406
967
3444
1306
978
1588
3675
144
1450
3855
1277
1072
1222
3996
1313
926
82
127
9460
3843
3911
3521
1463
6685
137
1507
1454
4631
1386
1002
10386
1170
1644
136
4535
1365
11519
1454
1051
7924
3946
5087
1366
1462
881
1344
1106
1464
1247
1137
3966
1267
1239
1430
1390
1282
1478
1201
1495
1570
1143
8242
162
1323
1186
156
1407
3708
3898
1091
3942
996
1569
4323
97
3843
935
1005
3839
3961
1142
1520
145
1438
1142
3838
5748
1199
4523
4147
3511
1013
3878
1188
5631
1359
3935
1424
7936
13427
1123
3896
142
3815
3937
3792
1155
1226
1496
1562
1467
1047
4391
1295
1633
1024
1561
885
13032
1221
1427
3851
4221
3384
93
4195
3742
1156
1064
1190
126
3835
152
6016
1741
862
935
7653
1078
1157
4197
1571
1530
1484
4312
4513
10
4071
983
46
1032
1251
6213
124
6528
76
1008
1373
4081
1357
239
7603
1417
1534
4376
3760
4151
130
13336
1442
1445
1465
1468
1142
4006
1203
1072
1515
116
1395
3873
5036
1316
1209
5970
1186
10654
3834
4362
1630
4986
200
1574
41
54
1522
1183
1431
1033
1648
1574
1536
3745
3759
1274
3830
902
1326
1084
1194
1340
1433
1057
4130
1527
191
1141
1065
-33
4148
7626
1153
7285
5192
1319
6469
6407
1290
13703
3122
1625
6976
92
3796
3910
1191
3542
1441
10980
1122
7454
1187
1366
1538
1691
1040
1326
14391
8972
1496
6173
8099
173
5076
3749
220
4194
3816
115
1170
831
4219
1440
12
3745
8067
1090
1509
170
3756
1092
1474
145
3972
10595
14
1182
158
3382
4415
1329
1447
4013
1349
4355
1606
5368
4126
1555
904
104
10180
1094
1515
1221
3946
1403
1302
1298
3907
3936
1020
1351
3838
166
1242
91
4565
4130
20
3993
1175
1264
104
1270
1372
1106
158
3842
6440
-97
4290
3920
1215
3744
7053
3757
874
10961
1209
3631
1018
1313
1246
1510
76
1401
3466
1260
6494
13550
3894
1465
994
3991
1338
7620
4532
1000
7065
3626
109
5669
973
1394
1203
1423
1300
1459
12180
45
3821
3881
3984
1670
1105
140
1387
3858
3651
7358
1569
1475
1511
1024
7044
10612
3842
1313
4126
8875
11452
1248
929
3575
130
1504
14164
3815
13085
956
7062
1519
7498
1391
148
959
3965
899
3792
4557
1539
1418
159
3854
1644
3770
1590
3638
1092
10688
10410
1219
4016
28
3875
1230
64
1034
9285
1270
4309
4182
3802
1053
1292
13092
1479
124
934
1099
3817
854
4107
7635
12239
147
1489
1119
665
1292
1304
3940
1036
177
3438
6548
10806
4061
6543
13265
858
1320
3564
1226
7726
3362
1108
1296
7201
2765
6419
1415
1447
4451
4382
4660
1081
-1
1066
1131
1299
8998
4174
4101
1182
1341
3400
1429
1202
4137
1372
1669
4101
3920
192
1427
189
11550
1324
1160
54
1156
4081
1234
7095
3001
1195
970
3569
1208
8929
1275
1297
1362
51
8060
11716
4319
1636
3961
8771
7545
101
3521
1478
122
924
1433
3956
6
1322
8421
6586
1457
713
1283
5013
3833
1252
12184
4140
4018
1622
1477
5720
14378
163
891
6894
4216
1188
2
1066
4253
3927
6390
1195
-26
911
911
11869
1345
5504
1077
1658
118
1229
12280
3243
1341
4099
579
1105
1253
15151
1632
1350
6105
1342
1007
75
7235
1432
11438
2937
1513
1198
4023
1570
1385
1536
88
1463
954
3907
478
5118
4141
841
1438
12835
10401
5179
1149
1051
3653
13284
11771
9086
3865
13020
1331
103
4287
6637
1398
0
54
3868
68
4112
200
3789
9821
-106
4991
4134
1214
3605
1008
1486
65
1685
1232
1063
4023
1750
1361
1280
1064
6286
1369
12221
119
4069
1433
7311
1432
4126
1325
7570
48
1321
938
66
102
3822
7027
114
1366
2942
1146
1268
9027
1589
31
1375
1469
3842
1333
4095
1418
7413
3914
6311
0
7567
1184
988
12050
959
112
101
91
11305
3633
973
1423
6708
1275
1056
1546
4162
1126
1408
115
1201
15
1443
1479
4260
1113
54
4915
3954
4067
1106
15
4573
4136
145
7543
4404
3818
1449
3183
11023
6784
1454
1533
1296
3967
5090
1045
1096
1495
7466
3883
1538
3801
3970
3801
1468
3782
1389
1434
3243
1254
3537
1204
4357
1581
78
1581
10891
1085
950
1655
4011
4172
3593
3259
1534
9607
1326
3957
7599
1260
1203
4132
199
1209
1194
105
1285
1018
945
14824
1820
13878
1297
3545
3180
10857
1108
928
1659
4709
1514
1013
1150
3961
6049
4395
1035
4193
6736
1360
3888
5184
12287
1253
1203
1256
1377
8295
1702
3787
1170
3810
3782
1377
1439
1379
1380
13549
1461
1131
5620
11348
1427
14682
1339
12021
9577
4570
1424
12887
7042
4009
3737
-17
1421
1310
1532
3970
1150
1209
1325
3386
1190
1502
65
4229
1055
1493
59
5391
1561
1075
4110
1279
3809
1435
7620
26
4159
1384
3931
1464
1444
1286
1146
127
3941
4023
1684
1535
1361
154
7857
1257
9009
1315
3210
1477
3709
1264
5082
1365
997
172
1350
1575
7384
1455
1558
10157
4122
128
1306
1199
1269
923
3779
5848
1436
12606
898
16
7383
5061
1110
4236
48
3862
10734
7169
3634
3919
10297
130
4097
1442
1085
3863
1648
10921
180
4383
1214
1357
128
1421
4219
984
117
1130
144
1536
3414
4099
1450
3758
1212
163
3714
2463
1751
1130
168
124
4167
89
1390
1084
4416
-67
1520
1684
1095
1331
1128
3816
3927
126
3457
12
101
1520
1768
1016
1117
1194
1320
3025
1224
3874
1292
1243
1534
11424
3811
14356
3969
7205
1560
8499
1428
1660
152
9207
1479
11
3791
1013
1659
1429
1146
1356
6760
4054
1201
983
1713
10564
1098
152
8309
4118
129
14974
4561
1416
157
1483
1471
3687
4305
1265
3986
18
8040
14188
4059
1159
4118
6516
1582
9229
7728
1117
3896
8518
82
171
796
90
907
4289
4080
3884
3926
1655
4137
2
1244
6523
3975
4314
9142
1411
1009
3813
3925
1550
1067
6700
3683
991
3096
839
119
126
4170
1092
10626
1385
834
1337
3911
3861
-9
1189
4016
50
13661
1298
1688
1188
885
1233
1187
3564
-12
-11
1528
11770
5621
163
34
1546
3947
1326
133
13884
86
3645
104
4409
5581
3794
3790
1115
1220
1336
1315
1399
1338
3774
1065
-14
5997
1263
1231
13322
3766
125
3864
209
14297
4070
1483
1278
1111
7038
1052
3928
12009
4018
6023
198
997
59
4795
178
4852
1329
1113
961
7986
4187
1787
940
1352
1345
11759
1513
11369
1040
5983
5848
4094
4017
94
164
1221
822
1488
1293
1400
1554
3576
1070
121
1317
1449
3617
1306
76
4108
3581
1259
5230
4054
1119
190
4227
74
7831
1268
4488
1402
4237
184
3926
1371
3548
927
3762
100
970
1285
77
4117
1358
1464
4235
1069
35
1467
4003
1190
1560
12805
3457
4123
3765
1110
4201
1432
76
1178
1478
9660
1413
1177
1319
65
1811
1488
1456
4806
1439
1287
1175
4038
1195
5644
3867
130
9197
78
1136
1391
