
  DATA NUM        TYPE     LABEL          TIME     

6434
13652
8817
157
3812
13407
12829
5915
1272
-4
5084
4850
5827
47
8
71
6046
6163
8409
5961
1324
13530
1485
10451
5
220
5976
9887
834
10189
6327
6057
5961
194
13973
189
16
5898
5644
1073
4463
158
6115
1021
11888
5811
121
5943
1167
5778
5812
109
4325
6144
5844
10494
5913
22
4833
6044
932
5898
89
13870
5951
5726
5793
5571
5829
191
8831
-50
5725
163
1186
1160
1230
5590
200
13800
1033
10449
6114
10228
5808
5818
13919
6557
3776
5142
124
13355
1184
13666
1302
10769
13881
1114
10282
4954
2726
74
114
5720
6101
5582
6254
4878
5930
1043
5996
1155
5805
5821
209
6
5555
210
5862
5989
5659
8862
6321
97
141
5832
174
5868
3676
13892
1388
6073
13744
6130
6165
5881
10711
295
5687
5844
141
986
5736
5996
5579
4470
5926
12200
168
6177
4188
110
5886
146
5788
205
6185
6075
5743
5696
188
5610
5921
176
8417
8881
1059
13526
5540
88
238
6027
1098
5641
5698
6194
9218
146
5891
5759
7164
13385
9819
4178
5848
6713
169
165
6120
1497
7159
5658
5670
6879
1086
11
96
8997
12695
5735
6121
5960
5708
-9
5793
6263
236
1264
10224
37
1023
11996
139
5786
5861
78
1004
209
196
5689
8643
5967
1418
6115
98
187
5989
9578
205
6024
7100
11103
5904
109
5778
5767
5817
189
5411
1285
4095
161
5878
5800
6298
68
5803
6410
94
11791
5360
248
3685
5931
8086
6083
161
5729
5959
106
172
7509
8496
102
3653
959
6173
181
1046
65
115
-13
5394
11882
8561
9363
6160
9914
5043
3803
5466
5541
116
233
10690
8827
12355
1322
60
1029
6000
5713
6042
5169
254
6034
5628
78
9994
6182
6761
1476
3955
4933
99
6049
174
5902
8752
4595
9870
95
1359
5761
1162
1396
11271
3419
10787
13458
10802
4948
5812
6098
132
57
11105
6189
1448
3067
5774
10638
153
8530
5759
89
5555
186
4678
1064
7911
7455
5767
105
5920
7656
957
1373
5894
109
6035
5642
203
5952
6029
11093
97
6314
4413
1504
5199
143
7232
5865
9343
10486
5457
109
5653
5267
5636
9282
153
6958
6865
10114
5941
5883
5992
244
6344
1528
5569
11536
6181
7616
6957
5390
165
5978
14009
1078
4296
5997
3796
189
4458
3033
6299
10426
3435
5610
13908
5903
2834
65
161
160
116
178
1378
5985
5907
5693
6142
6009
5845
9052
1498
115
1350
7091
1233
7612
5790
8574
184
34
148
6050
183
5795
13128
13908
5847
31
8169
191
12229
107
69
3834
6823
221
110
9186
6087
5571
123
35
5889
10547
6249
5222
5933
3840
8150
1301
10771
6250
152
13714
5845
1045
10950
162
1123
6735
7937
118
5808
4222
13818
241
1268
5715
1401
5985
13939
205
4596
6063
9363
9702
7692
7986
5789
6510
5898
4670
215
10054
1291
7000
5953
101
5712
8561
1431
1208
6242
1515
92
1350
123
83
169
11977
5879
4111
3751
1429
4043
13761
76
13695
5994
4117
5954
5884
5920
3815
6003
5750
1308
9450
-75
5826
113
156
6151
13768
9233
5670
3033
5863
126
5894
150
6885
78
5700
4427
10292
69
5692
14093
170
5799
145
13613
153
5787
10084
5863
6108
11549
5508
5887
5908
5700
11459
99
6188
5678
100
4887
5797
127
6307
5878
10524
5564
6252
5959
11768
13400
10079
3658
52
7905
4814
5763
6038
5858
6085
149
7757
5956
5634
6185
1138
5577
6169
203
10469
9210
3789
10770
5982
6043
10084
191
5721
1250
92
6311
9237
57
5648
1036
13276
64
82
5971
6047
1352
349
5870
1010
81
7145
4693
5724
11111
5941
1356
11223
79
918
5671
3479
10131
4197
5539
230
5814
175
4581
1387
3679
235
13784
5813
10273
64
8162
10164
243
260
104
7115
5895
13832
106
77
9936
5786
4881
205
6072
3130
6961
11622
165
6024
1050
5838
1466
5458
4155
6116
6209
7517
9866
5810
1336
5620
11159
5191
5872
9985
10061
169
1218
5682
169
161
1105
1150
78
109
13945
13667
98
269
1173
5905
11025
1252
148
6201
105
8007
5783
7066
13635
190
167
1405
6291
1196
5930
5777
13589
1173
6137
13355
6109
6826
13834
5613
13859
5592
5046
6046
184
5820
14049
8649
101
11016
6304
196
6047
1033
13194
154
5806
3506
116
5980
6565
5195
5793
92
5926
6471
13335
273
217
5216
133
12593
11967
5871
5645
9067
9863
1122
5917
6034
1177
5752
7201
48
6397
5820
5824
4950
88
9465
1490
7674
9319
10843
1261
1237
3732
5269
5770
13623
5350
5696
6026
61
13110
1156
87
5943
7814
10692
1109
5633
9381
6237
11087
6206
7474
935
6179
3747
762
11252
5932
85
3658
5615
9022
6030
4869
179
10390
5725
160
1222
5551
5914
101
13287
7321
5838
5855
124
1127
1481
3214
5979
7069
121
65
6770
6087
232
5843
9265
5566
5770
1296
6335
8885
93
5624
5618
6004
8575
13804
6073
10944
118
1285
5068
6085
8859
898
1200
6437
6155
184
5967
4919
5543
152
6421
6053
5771
6002
13662
11200
1115
9154
10902
5801
5749
9936
158
9660
1127
3497
13700
49
9823
6149
11249
3449
6128
5882
5644
5976
5888
1412
5929
5843
1632
6113
11601
5962
5655
4550
5631
211
1569
6024
5642
9702
10335
9065
13810
3820
5722
6147
6050
1444
-48
241
229
81
13794
247
5846
153
5934
11921
165
6175
10645
10969
5792
6194
6091
4349
6011
205
1248
6043
3602
1223
10989
13622
181
1128
1047
5559
6107
11965
52
4735
932
10638
5890
9442
9951
3699
7703
5877
5910
5742
6105
5289
11758
5952
72
5955
5611
142
6005
3919
7667
169
11683
10738
6218
105
11105
5754
9154
5972
1269
13831
1406
8091
5515
6035
215
3448
5894
168
6357
126
5917
5948
3617
5863
11489
8405
5792
5901
5703
5928
36
217
4701
13882
13796
226
13717
13498
1202
7087
84
105
5787
11868
257
214
4951
856
10696
9146
5581
5844
5875
5617
5923
5755
6281
5919
5767
5947
3268
11568
10587
163
6507
14064
9746
6328
143
11610
5968
232
213
9715
5847
10070
6111
4311
142
8115
5888
5521
9364
11362
6198
5934
5751
5708
5937
6425
6185
207
10895
5846
13452
5472
63
1613
5818
1059
208
5541
8992
199
5808
13770
107
5594
8732
8182
214
5798
1323
5865
7036
142
5939
13364
7994
2665
-30
5901
8591
6040
221
5834
1257
11625
28
4832
7017
5983
6883
188
6126
5794
1276
84
5890
149
13717
3452
5741
13539
57
10316
230
160
10152
1200
9081
4001
13643
6034
249
9610
8461
9948
1241
5531
6260
10151
5867
4509
6074
166
5854
13277
7221
62
5961
5993
7832
121
123
9063
5832
13511
5400
5868
140
204
13728
6034
84
13185
5805
114
3922
13423
150
5457
5653
6211
5905
139
5493
136
6222
6415
5836
84
5763
205
191
5974
5757
5551
82
79
5740
10471
12400
194
114
5903
238
110
146
5457
1457
8614
157
5910
5820
3549
5905
9967
1070
3805
301
114
190
5647
11813
1
130
1106
5749
861
6127
10743
6829
6075
194
1249
7202
7243
11361
5645
7
10524
11163
91
4363
6206
3692
1029
4625
68
1334
5756
11770
87
5726
1464
5690
6034
6154
105
7433
4776
181
3298
6717
5916
9186
5692
5500
12423
10457
6167
218
12365
6349
9937
1037
7476
1251
5646
10376
9152
72
133
9051
6034
10389
1005
9332
4900
7969
1335
6315
7885
7389
7440
5368
13260
5813
5649
10480
6001
4795
7753
66
1494
116
11834
122
5503
6570
6025
5687
148
10295
6401
55
-20
6536
248
5393
6354
5732
119
6053
5852
166
-58
5975
6231
9583
1169
13897
1226
143
13694
6166
5515
170
9780
5813
6328
120
6246
207
5814
7269
1322
13686
1484
211
883
288
9933
140
5830
6129
4096
13652
10900
1511
6225
5860
9786
177
10031
84
196
92
5749
203
5895
9696
3810
13540
6020
5977
5830
169
66
1318
11895
6177
5689
6241
6012
11345
13678
10191
87
9308
13869
5
3378
1283
8130
5982
4674
166
1397
4680
11740
237
186
27
118
167
8050
12329
13422
11166
6342
1334
137
142
3972
145
10354
4155
256
122
6742
6153
5773
8772
5732
7991
282
113
8678
1078
5821
199
10897
10404
5225
5671
262
9637
6068
208
9570
154
209
5809
6433
120
5225
5821
1440
1349
5523
5973
3946
5923
10884
1293
13563
6323
13632
53
1244
14043
1274
1018
5778
1179
899
1485
11373
1476
12737
11893
13771
684
3396
192
6064
6143
1448
5420
10666
111
5791
5639
5767
11595
132
11144
8
13840
26
213
187
5442
22
6184
10741
1594
189
5936
172
13607
6512
9757
5860
6197
1231
1352
5828
5836
10452
235
11532
8026
178
81
356
5851
5560
11081
7883
3811
5548
149
1334
6109
1226
256
5975
11561
13734
8941
6136
166
11033
8797
7759
154
9426
5093
5727
5136
5647
70
5634
13724
11024
5982
5846
100
5732
1326
8512
5795
1334
4100
5572
3877
11379
5725
5608
3977
1259
12053
78
152
10060
9230
5778
5991
6055
5883
21
184
3899
10720
997
985
86
310
175
8502
5740
5878
3759
8309
5788
89
959
4563
1306
140
112
62
3241
4152
193
154
13899
9954
5895
5699
95
7238
85
8110
6054
5936
5680
6145
13989
6035
11125
3403
62
78
177
13393
13940
197
6178
5993
109
6181
5555
5866
1179
5830
130
1221
5907
6036
4152
42
107
5622
9181
934
6723
5683
5796
5849
12218
6190
6142
5658
5997
5730
5685
5910
1176
13774
11087
5547
10967
8638
5945
5478
5509
196
5780
5738
191
5701
6059
10298
9100
8287
13744
6040
11525
5595
1328
9154
103
13690
5913
5806
5356
11553
7962
6029
4330
5912
9529
5997
7563
94
50
1289
95
13906
3877
5986
9474
5961
8365
8209
5872
7323
6492
-35
5818
5758
5834
259
7927
154
5941
1139
11856
5763
9129
202
5838
1154
5767
1216
212
5884
13879
1310
163
1459
5900
6069
5691
4672
7694
10731
61
10488
8198
232
8486
13700
6032
147
6279
254
5736
3615
6167
1577
9087
5808
203
10212
6032
12966
5854
1114
67
5947
63
4482
129
1368
165
95
195
9854
6266
5928
5825
133
6339
116
177
148
5962
6095
6014
6137
5480
1161
6274
5585
163
1506
11051
5055
196
29
172
97
6019
38
10897
7486
1144
5586
1282
164
9528
17
185
174
237
13558
8350
5986
6029
726
142
5686
6083
5698
9004
52
980
5965
76
158
7311
6282
161
4625
1494
5802
3851
7627
11256
5659
4061
6078
4725
6454
22
229
6210
4983
129
269
222
90
5251
3702
13212
5960
13946
5701
5708
124
11072
1265
173
1197
4654
4489
9659
1526
1562
5874
184
178
11846
5794
11586
9193
107
5576
9929
5628
75
6934
9670
1396
109
10691
5686
12111
5794
5949
279
1243
1073
7574
135
3883
151
218
5917
5867
5133
7604
5831
5898
5700
1337
13929
205
1540
5647
5625
13294
5910
10673
192
6079
78
225
10519
124
6072
109
9512
176
13650
156
163
1096
9747
-52
69
7818
110
5897
5554
5719
102
9133
6483
82
5840
1171
5738
103
4829
11725
10948
4636
10778
1399
7105
204
3485
5711
737
13232
6027
1410
5119
6362
8404
5793
7952
9182
4002
213
6044
6253
164
13700
923
6049
5116
5682
11293
5719
1343
186
61
13957
5805
6080
5175
5087
5929
1241
1315
966
4307
1449
109
3858
124
5807
235
114
5846
121
5497
8767
6227
5722
10128
5851
123
188
8087
1268
5999
6977
3718
5655
9482
5905
12240
11639
23
1355
13942
10079
54
6260
5941
133
5982
251
110
117
1291
6015
10446
8892
251
11444
6097
6075
5918
8924
6108
4319
10746
58
13805
208
1010
11529
5934
1206
5965
185
207
8492
5948
167
5802
8150
5030
5918
6029
101
5363
1441
1144
6266
9933
5244
4296
12471
234
93
5326
5203
167
1235
5992
3781
1270
1232
1079
205
1088
7
5733
5686
914
219
134
9553
4743
10084
10062
157
5796
12014
-72
6063
17
13725
214
5794
6064
1554
5706
1552
8704
4902
101
13343
8836
30
142
5976
1216
6960
65
-18
7385
166
5954
13174
83
181
177
5754
5658
11710
175
9949
5483
13933
9570
8623
13750
5741
4788
-16
1045
7915
9407
10017
1208
5739
5807
7602
1606
5980
1076
4340
969
10245
8489
4041
5596
5685
8927
6078
8105
177
13516
248
130
13959
3968
-56
97
1370
10320
189
5616
5964
6097
175
10789
1452
1387
5525
10881
6049
6515
6089
6291
7635
117
5737
10548
13515
81
5867
215
216
5906
5802
5967
9843
12671
133
161
45
11644
226
5800
123
94
11542
13349
5774
7005
156
735
13689
4911
5898
101
1249
105
198
8152
161
6140
12204
3767
4833
1093
5785
1368
1529
5453
9511
5959
5516
70
72
6060
9059
5893
8514
3528
5778
11436
8841
834
5924
1355
5763
105
1114
5786
1110
198
6153
5810
10254
6004
7786
13396
8526
217
1368
1199
246
152
1097
123
13790
5613
5831
81
5946
1337
4665
207
8273
5998
3715
9781
163
10596
227
166
9119
114
4972
129
6537
5655
13539
10469
5693
91
5881
186
4099
9188
11933
6393
5417
6299
6004
152
5927
11453
5795
232
117
9989
5628
150
5926
5794
1102
9254
5857
188
76
6437
5968
197
11203
13714
6930
13507
6172
5797
189
9098
3525
2609
132
6034
5345
7237
5423
155
1230
142
10322
4245
10432
6275
78
6280
4694
10154
6007
13908
36
5523
13620
5749
6491
6247
65
127
132
13724
7004
1216
218
6205
3925
11649
12217
10381
6035
260
1550
11069
6090
6281
5316
200
5983
9690
6265
10285
5844
231
5942
5988
5924
10237
6088
6040
1398
1260
177
167
5670
11138
10980
9393
5911
48
41
1017
1129
6030
3548
6289
1283
6074
10183
5566
5684
4771
5946
138
7122
134
1298
5614
5602
5994
3751
8138
6482
11566
136
5967
149
166
47
5848
1274
322
12589
9841
7469
316
5991
1639
54
5651
12712
4340
10097
11339
759
5931
1011
6617
4598
3004
3841
127
5925
6175
13337
11847
13392
5923
1217
5936
95
165
9021
6917
6077
5803
188
5817
158
199
165
6003
6066
5777
5887
12229
4855
131
6146
13862
80
7380
5899
74
5578
5599
11445
5871
170
237
1286
5871
11603
127
182
1122
10407
10994
5635
12046
3193
11945
3839
108
1358
5784
5024
5859
4750
123
1088
1196
6535
1525
5815
101
154
5965
10367
111
220
242
5854
5630
98
203
5603
8147
5874
246
196
6680
6934
5886
10257
1201
53
6063
13625
9934
172
13854
3360
150
237
7948
5325
5188
4292
213
93
134
13447
5998
8881
37
9128
5856
172
243
6038
1070
11127
1080
5562
5857
4742
3508
1341
12247
117
6019
5781
4764
12794
4410
8617
251
4025
11848
4465
9053
1283
5606
10449
246
106
5913
9401
5927
121
7907
960
1358
155
1408
5775
1668
6262
1231
5598
1383
1054
3638
5696
1212
5641
5919
5836
8952
141
10606
6219
116
2915
6286
128
4224
83
8128
3070
5888
5911
6408
5798
1094
11315
5824
1435
1102
3241
13760
5895
1206
1379
13824
1244
5626
57
5175
152
5959
184
9075
105
5675
1214
5500
164
4410
97
5821
11724
4049
6151
5563
6116
5567
9096
6346
10169
245
10006
181
214
6794
13149
13634
8044
6207
1006
195
5521
1088
7387
8492
3739
7006
6141
1352
1027
95
254
213
5715
8698
6076
11753
11152
6648
1469
5947
10480
5611
5968
6250
7963
7578
1054
1046
5865
5906
1165
206
13826
6929
11618
13831
5902
9637
9717
104
1445
5944
4541
12590
11168
174
5579
5718
148
6807
5982
13562
10368
108
9667
35
5767
917
12553
1404
5708
1418
114
960
11977
1158
6842
5628
6076
5826
9464
19
1187
3808
13430
180
175
5800
6297
152
147
1291
137
172
8695
159
1348
1541
13744
196
159
6018
8718
5063
8352
286
6122
5055
3931
1144
10852
4081
5876
6109
175
132
121
5766
3833
6321
57
13156
9712
5987
7735
4349
10516
9967
176
1114
30
889
5644
5858
7875
5734
174
5747
91
4945
5629
5873
6091
10096
5725
-54
141
8700
9045
1381
10753
4943
110
6218
1485
10072
4152
10391
3603
219
96
8433
-3
5910
3978
128
1018
11160
5649
6187
6018
158
13894
8015
13908
58
4607
48
1330
9231
5879
4984
5253
1352
7186
4080
3774
5883
159
161
5872
5801
5897
5804
9516
5719
5715
6198
5677
5580
12619
7373
6104
184
12481
4841
11157
216
10167
4554
4809
5556
6104
6384
5655
81
13898
3866
6042
5339
1614
6341
5896
7816
9400
62
6101
9443
5896
1113
6083
8547
168
5353
7870
10486
151
7061
12858
9319
5692
1280
7581
8804
5617
118
5912
48
5873
1371
5579
6023
150
1303
11157
5690
1058
10812
5804
11416
11788
6243
9327
6101
10700
1160
1062
12144
7732
7952
5920
82
185
11305
3720
8932
10733
5675
10508
11453
5899
65
-11
7951
121
11361
189
6319
5731
9895
200
991
10318
5621
174
9441
79
11628
6175
4381
175
5
6042
11186
5790
4344
13732
5886
1168
13472
13484
6143
8450
8982
5353
5773
5384
14016
111
10867
6117
4005
9280
5928
5966
7785
5679
995
5633
4128
5987
17
5737
6674
5595
5628
1086
6102
5951
1304
11892
13740
5954
197
107
4888
8361
11651
110
179
249
243
5810
70
158
6158
189
161
-32
1234
41
5830
5118
1461
1205
5554
122
3798
10982
5635
10766
4037
10555
7076
8993
6065
239
8423
10154
10431
212
5860
53
206
7774
6163
5854
9078
151
206
282
5692
6244
81
5842
11941
9082
1132
5379
13737
101
128
5903
5230
5885
8645
13802
5974
7850
5798
952
8464
1021
230
6047
5751
135
5535
13879
5646
156
6211
3359
8378
5493
11417
110
8611
105
7306
5757
5792
1197
13524
6294
5688
13604
6447
5797
222
166
1547
11433
4750
7797
5425
6167
134
196
-5
5427
6006
9072
4618
5611
8907
6980
3698
5169
9562
11584
1312
5858
13207
5931
5498
5944
5338
42
1213
85
156
5749
5996
5756
5898
13943
185
8283
155
6054
198
7762
9625
9884
5966
204
303
155
9347
3665
1507
138
5536
13292
1323
5587
6051
9438
9518
129
10400
13650
166
47
85
142
78
6001
167
46
168
5847
6080
8007
1264
66
10082
5790
10317
196
77
5908
5772
8894
1102
158
-1
1216
11183
1293
5868
5648
6366
6113
5721
5433
5078
6081
11246
7064
13348
2953
5922
9347
6206
943
5111
122
5903
5855
5398
5895
6240
184
193
5809
5699
5971
194
9189
13423
5639
160
5899
112
46
5767
6942
5920
1104
5951
1092
9907
95
4184
250
10347
261
5694
6412
6162
5853
5881
10865
8175
6037
1057
5880
172
9641
10051
5956
6049
3796
210
5584
1368
5879
5849
4663
5729
13423
113
13273
6495
1361
223
181
22
5515
11097
131
5892
5634
6489
5956
8131
1496
3975
76
6450
9135
5972
116
-39
9237
6275
51
10931
49
5970
1433
234
219
6608
5786
82
151
5089
6892
10349
14126
226
8716
193
5736
259
11780
5880
233
13753
5541
220
190
5780
6510
169
9029
12373
1166
4863
6027
3536
6372
149
1200
10885
5994
11386
195
11062
951
5605
8216
8406
8664
6218
5503
12600
13538
11267
8776
194
5691
72
5720
5855
9247
10435
4590
11494
5640
5823
9168
103
6021
208
6050
5800
6129
10037
1544
6194
5689
250
3819
43
6073
6193
6156
10861
3783
1115
11729
11644
116
121
1311
64
1331
6006
159
5928
60
3112
6881
5998
4815
155
136
5755
10418
11345
13658
1287
11060
198
5421
9871
114
121
5836
6195
1377
6221
1504
7997
5854
5939
6102
5909
5664
85
65
1233
136
11982
6233
9164
10635
-35
211
147
123
6149
5665
5669
5836
5888
8664
152
7155
1447
4283
5987
5043
5337
138
6292
24
8712
2893
5762
99
5999
79
12431
6013
5311
9182
1004
1241
9367
5850
5876
5642
224
4013
5990
9661
5723
5969
1445
1269
1100
7571
6047
13403
7809
11543
212
3766
5854
1490
5731
5981
8123
5763
6055
1391
5569
1423
6018
6226
1303
1269
6212
6052
1091
5791
1651
12048
6087
140
1090
6120
4338
5692
148
11523
5332
5791
9236
6179
8898
10806
6079
5973
47
8535
204
9872
75
72
140
5912
11617
6319
6003
1386
5833
10148
9690
150
5913
5865
6552
5803
5723
167
10139
5645
1542
182
211
287
6087
1413
183
3374
11609
12586
5708
5987
208
3998
1369
7881
118
6150
8897
5781
59
5599
177
2792
67
8851
269
8945
6011
12560
4563
9256
9611
8417
6142
13799
8139
104
5720
1282
5978
5999
6115
1350
5949
3842
5874
134
145
3516
175
1500
1357
7476
134
195
6273
5433
3744
5792
5866
13515
175
6130
108
1251
6456
5853
11036
1495
6121
11761
5857
138
1260
5928
12473
5
6131
5956
6759
5548
5093
13612
9878
13686
6081
45
92
6629
5970
6233
203
5685
6033
202
221
261
5019
1027
86
6139
8142
6052
162
6018
12731
13812
76
6032
5775
5893
789
35
210
5463
93
72
147
193
5888
6072
11328
6067
5377
7186
125
8321
10222
8984
984
166
5949
1046
13580
1318
150
172
6243
-26
108
6101
5217
1199
6044
4164
11976
83
91
13104
1270
5862
5892
5810
221
-58
13836
145
100
1324
1360
5598
5775
11725
150
977
5577
5920
183
5794
3814
1551
6038
11185
129
171
6296
103
10668
5260
-22
173
276
10465
180
6168
1319
10967
120
1211
198
5877
5988
6069
282
1060
249
1242
6238
5675
12144
5762
7895
10158
5989
180
1358
6440
8546
43
10870
3129
5691
8104
6328
8652
76
1386
13458
1295
34
143
6838
1334
5562
60
111
6058
6157
5574
242
5869
6099
5393
3187
7138
5843
1354
6600
1240
125
5656
5847
8653
8160
11322
45
5930
174
1182
9968
6172
78
5092
7989
135
200
5964
5819
7399
1021
6787
5442
76
5740
224
1328
133
61
76
5882
164
9160
6287
60
5848
5692
11227
13351
5812
11177
5807
6402
5808
148
66
5524
1540
68
5957
9858
5194
10748
7113
5775
5927
5631
1224
6070
5829
51
254
68
1140
6009
110
5771
6505
903
9253
65
6197
5996
6282
192
5851
3049
5759
7919
10115
3571
6004
218
199
10901
13593
7374
151
6012
1088
5951
153
4307
1265
5733
13448
5867
6326
8142
8604
8523
8345
4995
13719
5797
4089
6284
6091
5427
10168
10003
13584
9910
161
6256
12078
9587
6229
3540
8571
115
6118
1110
5991
7226
5544
13708
5655
12240
10390
5919
7030
141
168
75
1225
235
1535
5897
5883
133
215
5717
6111
9587
5809
11316
109
5941
13721
6106
13016
173
1202
197
1010
6012
6025
5942
71
118
31
3712
644
9921
5589
90
1305
5811
4041
152
5493
13754
71
5731
79
5797
6109
61
134
3691
9724
11221
104
5980
1343
5702
3734
11264
6367
9102
5940
5595
10829
4876
140
5714
191
64
6003
8840
191
5861
5777
10051
202
77
1402
5704
5638
10028
13997
5853
5796
5850
1390
9970
197
1382
5929
13720
1452
5719
9762
6104
10528
89
5904
9115
4249
10916
6553
13661
5961
13781
143
5606
5474
13722
8323
114
5756
9497
163
13591
5670
5905
4704
9910
5696
5903
5825
42
5737
969
4313
6180
175
56
9961
111
1457
5960
8780
62
75
6034
1355
13696
13687
7929
71
193
8979
1004
5727
1200
6032
4536
5595
151
6514
9925
88
3884
5787
139
1243
6124
5778
1389
228
3242
10869
1552
4780
4755
191
8902
52
1345
5577
1414
10697
5339
9657
6043
3936
250
10657
5841
319
6971
5801
34
5550
1173
5919
50
6207
6240
38
157
281
2705
4872
1191
9807
10993
247
5733
13838
5598
962
6027
5692
4394
3748
266
6202
5661
13649
6258
90
1033
10811
6112
5612
6034
9699
1293
6104
6152
218
171
13029
1488
5770
6389
5690
5764
5793
6050
254
6516
5558
12572
67
76
5605
5885
6399
5896
12319
33
116
5836
5826
9161
12206
923
5911
8724
10652
3713
11451
6052
238
13473
5814
256
1192
6077
5897
1383
3500
5107
11857
8091
1525
11752
6221
5287
115
10172
6599
6112
187
56
141
990
202
11273
-65
145
5575
11218
1420
1316
10071
7072
9553
133
5746
1143
141
5861
8009
6113
5700
13496
5640
139
85
4731
6989
5952
5997
928
5751
8930
6272
13961
118
7325
12388
1034
1534
5810
6638
5996
3
6179
4398
133
39
10098
5356
5750
9569
8984
5781
6111
6207
6289
10273
9666
10914
51
5624
4855
8013
5623
13760
1359
11406
5797
189
148
-10
6088
204
143
5882
11769
9053
4029
1722
5985
5836
11827
8644
7164
5711
3327
5586
1380
5828
217
10954
13518
5711
122
1268
5850
10680
6002
12051
1139
3858
10224
5974
3996
1427
5969
5964
5938
10272
13443
6261
1195
6100
10554
132
1349
1085
148
4245
5890
7360
6044
10818
97
1409
3964
6000
53
6055
841
1219
143
6008
1036
153
10975
5946
4352
1401
254
6154
5698
5939
117
7572
5872
106
5849
13831
170
208
5002
7414
258
10677
6789
5871
6497
163
1354
176
58
10225
1069
138
5899
6054
6114
3621
8313
93
6114
6056
1245
5766
7247
186
106
128
77
6482
260
202
4577
4786
6011
2958
13455
9862
5675
8492
1181
9961
1128
5930
1058
10859
9048
206
13820
5969
10142
250
6457
5952
200
11076
1431
9635
13638
8680
8660
130
5437
218
136
5651
7401
5930
6237
100
8764
9730
166
13472
6053
7509
142
5699
1254
1346
5836
5638
5952
6789
148
4313
9972
4818
5793
140
1171
14158
6431
5789
5869
5666
5897
84
1104
899
194
122
93
5250
5773
7349
10167
10597
6120
38
115
1225
5560
7017
12716
1107
164
8165
240
6061
5729
5585
5897
283
3825
8423
13750
11393
181
7922
171
13911
5998
165
95
140
4716
5498
5964
5707
1499
5724
11264
4213
6976
75
221
10435
5917
10058
90
135
5983
148
6279
6434
159
8028
95
1124
4627
1291
1325
6076
184
158
187
167
1194
6279
5808
5782
1153
85
8186
76
9539
5880
120
12
5151
7794
5808
5781
237
6030
5976
13687
210
140
5846
5577
132
103
1032
5545
191
6083
93
5933
4151
103
5724
4256
6927
6615
5773
5517
126
4349
5924
5546
1079
6083
5855
7794
10883
5555
9111
5854
5888
10140
24
5910
6030
5531
127
7189
106
1059
5921
246
174
297
1375
1486
166
10052
69
41
172
165
12972
1317
3992
141
6806
5890
8216
223
6068
97
10317
5708
6000
5092
10966
10185
177
1026
8781
5870
89
6067
6014
158
11022
4227
1180
13945
103
174
994
9809
5711
5839
14059
163
3580
5861
8760
5808
5767
10534
5782
108
6070
10555
5776
6039
13737
4129
261
3846
4185
5833
178
3543
135
11088
6051
11174
6225
8873
5755
5933
13618
1237
305
1100
6214
5925
10053
10347
105
192
1160
78
5984
6465
110
126
3066
6176
14016
10632
5963
11956
6013
5732
5773
11880
12489
5911
5858
218
6677
3784
1064
43
10702
5460
6990
1019
7847
5844
1764
266
6140
6659
5688
8427
5661
706
10329
11607
5761
187
5737
7084
45
11062
859
5880
4202
260
3982
10387
5516
1316
1127
6325
6286
5964
13810
6148
5905
5981
49
6064
10061
96
276
5852
5858
10491
4476
5667
1267
851
165
4249
11241
1337
146
45
5843
6297
13260
119
6328
11166
5936
180
208
75
99
162
103
177
5857
11697
88
5962
911
242
1305
1162
13531
5866
13566
8956
106
204
5902
5611
13784
14073
5847
10467
12125
1359
9127
6010
5915
5522
11625
5639
10494
1194
5826
5835
1239
9175
5586
6078
214
5931
5898
7984
176
128
192
1575
5911
6153
5309
10302
3620
6022
9496
11003
45
11906
4599
9724
9771
10822
5497
5914
3242
1142
6
1081
207
13458
360
1223
1628
7886
5739
115
5930
6192
9957
6124
1079
5862
13165
65
6096
88
142
186
9001
12315
6186
6868
11040
6245
5496
7733
124
13849
3739
1022
4464
102
5520
5689
5793
5824
6086
3986
5721
5510
6111
3998
130
9935
9396
6034
7847
10960
134
1039
1170
126
5844
217
192
6062
6270
203
5952
4077
9816
5753
13152
5582
9178
1319
93
46
8054
6607
8192
12096
196
13395
6501
9202
6195
5515
137
5122
1195
6732
5585
1182
1138
121
126
4740
5896
6910
3627
5889
5926
6174
12127
5837
318
4955
6244
5982
3013
13817
1352
12606
6430
259
232
6012
6388
5646
164
6429
13726
153
1102
10663
5483
9926
9575
6107
1281
5694
250
8311
3971
5828
5611
70
88
1319
7021
88
10276
7305
202
163
10766
761
148
5978
6142
5516
10892
152
5166
5880
162
5846
168
1348
107
5292
1584
109
5674
5829
97
7449
183
1431
7464
3965
11053
6246
13860
5896
6816
6027
3928
1226
148
187
5886
81
5515
97
5823
5894
6348
11460
6251
193
165
5529
5891
112
10178
13994
47
10306
6103
6130
275
9886
5955
6135
1233
5634
8885
6018
10882
4727
211
8147
98
8506
3699
6244
250
130
95
6080
6189
6260
1415
5785
151
7958
189
5592
8415
5677
7989
11604
218
5824
6263
5631
8373
1012
9185
177
197
5950
12302
3602
181
87
5396
6184
5841
134
3790
13711
5712
5652
6112
9577
6298
5589
1066
8024
1192
6000
936
219
2808
1417
222
5948
1324
212
121
3951
1164
202
5780
128
10079
113
86
5754
186
6206
6258
97
3004
173
142
225
84
106
6622
1127
1047
5738
4301
876
5973
13453
1081
50
12146
5597
214
13870
4089
3684
9936
13889
4709
5917
10593
5879
13206
13617
5861
5865
1381
-14
5799
226
3677
10689
1055
5957
8273
3748
6479
1406
1530
5565
77
6190
11222
1580
10146
150
1039
11006
122
12156
13545
5980
1262
122
5738
152
11092
166
5871
5893
207
6257
6658
5397
7980
6148
6154
5517
5454
107
1426
228
10307
23
58
1067
6418
127
13107
5903
122
3
172
126
103
6865
5819
5740
5584
5955
6939
99
-45
6202
5982
94
1260
84
5817
126
5557
4848
5762
1384
10930
5553
3989
12236
5848
296
9329
5871
5984
5547
5924
6108
5920
3859
5733
4195
1479
5372
51
6068
5670
5721
183
5754
1161
190
13747
2970
5914
6109
6311
110
214
5925
6061
59
5008
13814
4004
6202
12978
69
13326
3879
919
5959
6056
1368
8978
11134
7522
3555
1118
5994
6171
1087
113
108
1417
5798
5774
9237
103
73
5996
5746
5835
95
9044
8067
4287
1542
6924
5847
7839
5801
6034
5668
6174
5572
6181
5691
8050
108
11621
4871
6584
6194
1165
5999
184
145
1176
84
6077
1753
132
1493
92
4782
6365
5584
10235
149
5966
1158
156
5785
4628
75
6064
6039
6024
6353
109
85
5602
5823
5903
172
129
9759
4605
138
9949
1249
4028
5817
5896
7540
1134
6502
5615
9758
5703
10431
7873
176
6032
13687
1335
8813
6249
184
13921
1189
5685
5717
5464
138
7674
8995
5534
86
12198
5927
6144
141
186
9988
8562
154
109
4966
5709
1445
5252
5760
6932
246
13081
5765
8088
1202
3918
5811
1305
5978
5676
1045
7613
6048
1599
12877
63
5796
6126
223
7836
16
5976
250
6878
162
5882
5971
1471
13897
5889
167
145
128
4170
1073
5958
12800
1006
6029
5900
6116
221
7512
13640
82
3415
235
3951
5886
227
5717
5655
127
5183
5556
1046
9868
6052
63
5992
99
1617
7310
171
10931
9045
6097
5785
5836
11502
4648
240
1554
5931
149
885
5736
5493
4996
92
98
3392
11156
5642
898
124
9522
13309
6020
136
191
6035
5086
6179
7152
92
6071
13278
145
5680
9981
117
5759
5634
5659
77
6125
1289
905
5811
5722
1048
5953
8460
1274
5226
201
5528
171
6046
198
11347
5948
160
6026
3460
5928
151
111
202
1122
6187
1242
6065
6221
6079
104
271
5546
5806
6574
219
11421
6213
1163
99
13656
9403
5669
1252
7758
11133
12036
5727
5861
150
20
6011
211
106
1481
9213
6210
5745
5871
5566
183
5544
548
8674
5799
9601
4765
10595
138
9598
5574
116
5969
10761
8214
199
1081
172
13589
1232
87
3652
1460
4939
5835
5793
11077
5662
13699
5468
10538
5984
6054
6527
6587
5827
75
1048
5773
13219
9627
5549
782
5841
5927
206
13672
5988
9783
5776
198
1409
5970
10164
6104
10743
1416
5580
1407
6262
3764
1451
224
6015
5792
1405
1393
177
254
830
6105
325
213
9776
5767
168
6031
5990
168
174
144
208
5906
9165
5850
1498
6038
5832
6093
8489
8115
1408
1247
5842
11971
6055
6188
5869
13248
6762
826
8051
6034
184
183
170
3533
5661
1324
1145
5590
117
11234
260
8571
7311
5755
3033
3053
149
6605
5632
299
5891
126
5703
993
64
139
3835
5660
5894
5313
81
5250
13851
1671
13802
7494
129
13179
5822
7283
178
1325
1168
2930
1127
5997
5653
159
166
10785
5864
6285
3717
7813
68
70
5822
119
10277
9706
5927
6426
5802
5816
5828
190
5703
5828
5942
5912
94
5021
5710
11193
5908
81
1085
10072
149
5999
141
9924
5966
9037
5725
23
1347
175
5720
26
193
13838
11359
5817
1176
5956
1
5578
9618
216
1391
7258
6043
5505
230
96
1065
114
743
6293
5719
1148
4179
1355
182
58
6310
217
7716
-2
4147
201
5833
190
977
6004
11275
3833
6132
9003
5822
7304
11009
5755
6194
6264
182
6054
5329
6042
1217
5900
5951
237
6099
6848
13753
5680
9801
5985
6136
9669
5867
6020
5712
5644
5798
5970
10457
123
144
153
142
5909
6131
5734
13699
7465
9287
5785
30
12030
5634
5989
68
13597
13867
11015
128
5900
5488
10247
1148
6176
8197
7501
6091
4851
5842
6155
163
66
70
6544
6817
1352
12463
123
4003
5605
5613
3706
4821
8070
12481
5655
9790
6128
131
70
155
5756
5741
11636
3709
5520
5305
113
1014
6270
5889
5682
135
5663
281
5853
4240
6293
11170
5678
6932
57
5790
5430
10793
5938
1179
5876
5699
6911
13181
5909
5599
1198
10418
13748
6043
6648
240
1276
156
13666
192
13512
11418
10324
78
5937
8583
156
1547
8034
5815
10863
10323
6092
13617
10346
3703
5954
1276
6300
5741
915
13496
127
125
1511
10505
229
1563
6112
4944
894
5581
1344
13415
151
6773
1162
10905
6538
41
6119
8986
174
5892
1355
5894
9423
11313
59
6321
184
74
6028
5764
5946
4509
1571
9095
5933
5748
1485
6269
8443
92
79
4684
67
3704
5903
187
172
201
10284
1319
10392
6043
5641
125
5574
138
5903
6128
1321
5592
915
67
72
4996
6018
5549
13740
8722
70
51
6071
6017
154
6032
9494
6411
6065
10095
3704
6972
6032
9905
8067
172
36
5986
8213
5639
74
12188
1098
5665
207
5977
5131
6281
13665
173
1656
200
9836
127
139
7166
10527
5606
5695
111
115
5624
133
3151
11584
8715
118
5830
5827
5843
6118
7759
9982
144
5834
5928
6866
5814
5984
5796
8254
13643
4108
5567
5978
171
57
237
13617
11256
11522
5473
114
6204
3746
9558
13966
8203
6567
5855
13633
6166
10392
54
5729
174
281
3888
6055
5506
5846
5823
3587
9740
5794
3876
5647
13858
54
6097
9405
5817
5399
5926
5510
216
122
7314
1329
131
1140
9023
9265
12123
6015
10120
3572
4717
5968
5696
112
5838
12220
1199
102
5947
12082
120
8172
6182
9003
5923
9636
135
5952
5842
6064
10077
9961
184
1622
1116
6212
6497
5758
250
13633
51
7318
198
147
5827
11165
247
5214
7030
696
10
13677
158
3086
1143
964
3896
13795
1221
224
6059
13899
6323
7062
163
158
5923
9163
6088
10381
1087
13867
178
212
4316
241
127
4368
5865
188
109
5898
7081
14
5967
5721
6301
1353
6075
1241
5882
5694
10918
6065
78
1361
5735
1291
6331
177
5666
6182
196
5812
162
142
161
5861
158
130
13665
1153
9511
232
5909
5500
69
6023
10461
11841
5733
5885
11485
79
125
5488
191
1135
3653
6000
272
1337
6094
5958
13515
11747
13910
1373
10218
95
5901
6151
11056
10400
12670
5733
139
5840
13650
1395
10806
166
8800
91
184
234
5875
6259
6254
3525
1230
6351
5954
1235
5495
5664
7300
6139
5752
106
6197
-64
98
4511
91
12836
122
5869
1020
189
3707
5818
3493
5403
3685
2
140
1008
5993
5920
12524
10859
5894
165
133
251
6101
7006
213
5930
6328
98
1148
137
4379
112
13598
1364
11767
8367
13512
6620
5892
5961
5870
4611
3518
6015
6020
-29
96
6172
6061
6048
6705
5920
8947
5882
6181
6266
6036
1316
6115
5914
6150
6169
3822
3086
5705
6464
233
213
1448
5884
3391
5990
5893
1360
5604
10169
13586
5943
6295
5842
5677
210
9178
8653
5550
13131
94
637
1439
9894
6058
187
5865
5603
-49
8423
8838
5786
5669
6113
7127
5378
1453
5942
6484
239
1034
5814
3867
13597
5871
5058
8184
74
4813
1228
11721
5865
18
165
23
5758
5642
230
11151
61
11183
5184
96
6237
1302
3952
1152
5521
5765
972
248
7515
1463
5957
105
4667
13423
13603
13975
9384
134
4743
71
9853
163
5981
1039
1348
6014
3907
6737
163
154
1217
6518
5996
5893
5891
1044
7122
6250
6246
7261
1098
5612
13769
115
1345
180
7902
5917
1521
170
7017
9344
1297
176
5561
133
254
5889
5698
5165
127
7058
1303
127
11222
157
6602
5997
193
11655
4068
5933
252
8026
1045
5938
126
5771
3543
6362
10763
5435
5916
215
6012
5895
153
5955
156
12171
5623
13326
5756
10760
5570
6024
10
110
11330
135
5943
5783
5957
5562
185
192
1355
14089
5819
11798
1397
103
5579
9932
115
7968
8314
8333
10807
52
6407
5936
6035
13944
5899
9280
9082
6235
3727
1160
88
6214
117
5779
6165
13920
188
1240
5756
10702
109
6109
10571
5412
770
9981
8972
9865
5842
1294
218
6012
6028
6052
7856
1002
12820
9223
5794
12595
136
5577
1542
1324
6071
8846
11793
13444
8591
1427
928
66
0
5472
5951
4812
9023
1163
8609
5825
9095
1076
174
133
5574
10218
5952
6013
233
153
6240
8217
1499
6148
6174
5809
5821
216
134
5864
1219
171
6335
5937
9783
5462
86
8515
11696
159
11461
7357
7309
5200
9420
13980
13721
5868
9501
221
5584
6764
6208
6589
13570
13168
6170
5565
5729
6901
1277
1118
141
5762
12224
10474
834
5843
5821
920
1335
6015
1214
1281
10922
11967
6015
5497
4570
5907
11501
6046
5006
5689
6011
9916
199
1121
5913
226
5878
5968
5885
10990
8903
5984
211
5695
39
135
5933
62
36
9
6060
3650
68
1163
5442
6234
5501
5755
10147
6574
3178
102
112
6019
5113
1354
4152
9516
1068
209
13488
6038
6042
3711
5847
6315
5880
8492
13888
129
6769
9557
1296
137
186
6103
3365
7042
7623
10905
6174
8145
9329
6016
10885
162
117
1309
5179
5922
5241
13961
228
6129
104
5959
5736
5363
1141
5890
292
13668
5723
246
10937
8974
1591
1303
181
5935
5643
49
13356
8099
9840
6310
208
128
12233
5784
5195
7762
6208
99
11288
5922
1536
5979
5951
6146
14020
5778
14103
13728
6085
201
72
1251
5830
1196
91
5063
5756
108
181
5461
158
208
42
10588
12893
5907
78
998
988
10733
150
1152
5964
332
11484
5907
5682
6106
5323
11478
5975
1194
5171
3563
6528
1425
1123
5878
5940
55
5724
6442
6037
5834
6570
5953
1292
9111
5907
12884
166
6050
6229
165
5705
4843
6892
5868
6055
989
8432
102
6484
6867
162
98
5990
11650
5270
5752
1090
11391
6115
46
10209
1488
11107
154
5961
5959
5968
6047
6344
3646
1346
6181
5790
4324
124
113
89
6053
1148
8024
11879
6090
13744
1135
9889
6239
61
5846
6956
12292
1289
5577
169
1220
6575
148
13548
4946
11055
112
8650
5976
11187
75
8164
1619
185
1362
156
5950
13745
11239
5843
6263
10737
155
224
6009
13548
80
8091
69
3860
5931
1341
57
8490
6584
293
50
6107
14068
6162
132
4385
1165
6348
11202
6301
8850
1172
10757
13836
8451
143
9625
5702
5676
5918
5371
6142
8855
877
14027
125
5884
8174
7328
11260
6016
81
5677
1184
5475
10479
5741
11036
1362
1414
131
5540
85
13744
5707
75
6513
13627
6202
1152
5334
237
5865
9983
5784
1405
10080
3708
13727
40
5897
1358
6109
10503
6031
6145
6364
212
6028
13826
14193
5820
5980
65
5838
10602
5209
47
6018
5555
6099
298
5527
1506
1229
10251
5831
1040
5651
136
170
1009
109
6125
14072
173
134
11916
7840
1358
5964
5835
249
5687
3724
1076
133
130
1348
157
6072
3090
5744
742
6005
1420
6101
5918
5773
6121
5868
11066
1219
1038
1423
6019
13809
3884
5435
10968
1496
6093
4019
7367
1382
10335
1412
12430
6397
146
13067
1241
9549
5927
6395
4015
6037
172
6962
5893
135
1197
6474
5983
21
6211
6028
4300
1525
1316
7679
4545
14083
11769
5727
5787
9546
171
6609
5834
5946
10161
96
79
10823
6152
5314
3763
6100
9027
1384
7739
11086
5858
101
5329
5750
119
5842
1190
5933
52
4283
18
5878
5740
12069
5796
5606
978
1052
9322
10968
1023
7752
6248
10481
222
1121
165
5745
5974
5295
256
6815
6111
5787
6136
5605
6024
7777
10789
5953
6042
7458
6078
6092
157
162
11578
1258
10151
6006
10190
9891
5865
5950
1108
5239
5843
186
5737
5748
34
4638
140
13707
6033
9693
6092
2957
10309
5572
5981
6296
6289
5966
6262
1022
4511
36
5476
6140
5686
7252
1437
6364
6419
6676
1300
6025
161
5868
9083
5700
8509
174
1309
5892
6417
183
4384
5839
226
11860
13978
3232
171
245
10387
5875
5738
1316
5629
1748
6144
13303
1089
6001
7935
9077
13794
5759
6071
5635
6017
6515
6045
6223
16
8945
1061
186
5748
1504
11839
1005
5744
8613
11996
9513
133
87
1258
125
13491
1022
1094
24
66
5838
5910
13920
13544
38
6071
3993
5844
124
9106
57
149
8487
4440
5721
5985
9535
5736
6779
148
5521
5823
5511
5818
5850
57
4516
5749
5865
7475
13280
1121
116
5985
5701
5763
145
181
6194
6011
5971
7474
7903
8421
5302
6164
5664
1350
186
5591
163
1130
11826
6336
6281
14168
5004
6376
1254
6034
11080
830
1033
5865
1508
5823
5812
7756
4695
7894
1143
6157
6081
11414
11750
1451
13820
11326
5706
6419
4876
5799
10126
5583
11985
8975
5782
6769
13538
13723
5639
153
9375
4465
5708
5847
8479
4827
9343
189
4362
108
5987
5816
10878
1283
9199
1200
208
204
5648
1401
8846
6155
6069
10553
144
193
13685
225
6156
1140
6218
31
-8
5823
88
187
6061
5910
952
5783
10121
168
5990
10964
5842
5963
5914
4971
5919
7294
13745
-7
164
1063
5684
9738
257
9477
3681
5968
5252
9348
12250
5776
3935
6049
4702
5819
11352
13412
9963
5766
1097
2955
193
4525
1456
79
5811
6869
5810
5686
5995
1305
108
4670
5625
6051
5987
5955
215
6211
147
5587
13036
4601
5792
258
5866
6020
227
60
5786
5828
1182
5932
10393
4308
1188
4614
100
7506
5976
1517
4420
10136
5978
6138
1189
6333
156
10586
907
189
4054
5849
6068
237
5910
180
933
5164
99
5987
1177
5248
5807
5779
6014
211
6259
13327
192
9689
3467
9416
957
5931
5517
107
5903
6065
5862
2828
11871
1235
5671
119
9684
10197
6028
11614
5924
13263
13505
5651
226
3307
144
6034
5850
6105
189
9078
46
1395
7752
5961
5949
8560
7108
1347
6058
5708
894
8374
7831
9451
140
1093
96
7380
221
3662
122
149
21
1557
4445
6224
123
121
13990
10988
6294
4365
10718
5635
1430
5730
5568
935
5673
127
1499
6025
136
9855
5742
5622
97
1089
5714
12078
10447
8010
6296
5846
167
25
5698
7771
5774
6087
6072
3685
5633
156
5923
1093
10370
73
13695
123
5662
5923
160
9737
3749
5470
1034
6221
5976
1141
5983
4018
1223
9625
5198
3718
5869
10712
1442
10423
10811
6919
186
12158
3810
11344
5750
11439
5572
11192
147
4765
1151
12733
13683
5929
1057
132
12160
110
4976
6122
1092
131
6032
5516
12184
5975
1372
6159
13926
5922
11106
5740
1183
249
11258
6082
1129
310
1250
1179
1232
155
5680
5904
1484
5503
3815
1401
3838
5719
6199
5993
14093
6329
247
5965
13932
203
135
10399
5115
9632
1291
202
6077
5671
103
7915
11276
8160
6517
5845
5671
11029
5620
181
7643
1263
11270
1481
144
1226
7302
1224
6009
11155
6321
1080
5598
9996
13615
5703
10827
3979
149
5857
5847
13480
159
7707
285
1361
183
6003
6399
5422
33
215
6182
6098
293
6097
5405
7379
6028
6196
8856
132
5752
12093
5576
3811
5961
7987
12736
11453
6080
173
196
5050
5801
10407
6014
7941
5828
5851
1561
301
201
121
3850
182
173
1049
5910
6190
5717
6267
6102
58
6243
5859
10877
6045
6524
7701
6780
5944
6046
10378
206
5985
12015
172
6062
941
5985
5996
11522
10516
5578
204
4743
154
5356
1121
6247
5493
5994
6233
11161
6104
145
5770
5809
1280
52
12236
5019
11139
3536
1036
5802
5642
4583
3422
3513
197
6118
8317
1284
5964
178
1038
1522
9535
8049
5698
6031
13605
8995
5999
3246
1303
5829
7624
8577
6166
4831
6010
5709
10680
11174
6099
9574
12029
6447
8613
6213
1190
6242
181
183
5958
3131
5862
10085
10885
10580
1271
9458
5823
5675
5891
5852
13998
1254
1301
11753
291
919
10938
6086
6095
74
3975
134
268
5688
1320
1287
5982
114
946
209
9684
9854
5744
5774
5573
1266
6224
8827
6918
6649
6317
9921
6004
7686
13728
1346
1145
5106
6000
5827
10731
6229
6539
4180
94
991
12521
7176
6501
1524
7304
6859
11312
3819
121
5767
13788
5837
5619
12060
5801
12099
184
9814
5910
219
1169
107
5862
11003
149
101
5180
5586
10875
5823
5456
163
11761
5905
238
3686
11439
107
6223
11686
13809
6155
6042
4878
13725
6765
211
5779
13811
10223
13856
6119
4591
5094
5990
5841
13967
8330
5986
6057
5900
6688
3269
4491
5712
281
123
138
13947
6014
11416
188
13075
5706
5394
5920
10540
6085
8091
803
11788
10564
217
11180
5786
1231
5685
109
193
87
149
5757
12908
5943
5683
1305
37
11556
179
3551
9080
14006
211
3745
6191
11240
5997
7382
13535
52
11643
186
164
10528
5773
5932
1202
5883
67
3413
13742
9003
10166
6125
6224
12870
146
5614
5893
1194
12121
3871
182
5806
10787
137
12174
164
7665
3684
7653
13792
3831
5966
5521
152
5807
185
117
11108
112
192
10513
10846
6118
5925
75
5207
5913
6007
11161
6035
10606
10767
124
263
170
3861
11258
199
180
6032
11833
8534
6174
1261
139
6004
13684
69
1356
6137
10844
50
63
5982
5969
155
10987
118
10516
181
13867
5921
5946
10671
1453
6070
6375
5876
4484
6098
3106
13496
11665
118
6926
181
267
6094
979
86
6326
99
3674
7294
13714
49
8017
5415
9485
5698
3797
28
1193
5530
5889
42
6762
5891
11820
5
1502
6029
4884
1117
5728
5565
121
1177
104
13653
6209
5000
4870
12354
5752
6157
144
13746
146
7723
5806
107
1211
6936
73
1068
6149
-11
728
13048
1404
5777
1152
9114
1142
150
12797
12080
191
85
5954
4189
231
6106
6122
10375
257
13751
5205
5858
6108
7646
13893
13700
9271
166
8131
5881
8888
149
5820
4681
6017
5945
72
138
14026
13860
5840
208
6397
6049
14024
11572
8791
5901
4705
5778
193
1466
9982
1516
6100
5556
274
11125
6108
5965
81
7966
10554
1089
5927
5640
5914
6794
20
160
13865
5682
13072
5691
10589
5973
185
4680
71
13830
6129
11589
5750
6008
13579
58
254
198
135
5691
5907
5960
10143
3635
1253
5662
7978
140
5870
6131
5898
124
13549
177
110
10827
5926
1077
6480
174
141
1203
7993
5593
154
5448
6701
5911
6113
5806
5796
5796
6806
96
9728
5952
5691
6820
151
5701
6030
52
184
5681
172
13048
4019
6158
13901
4520
49
5829
6657
10780
1331
1136
6262
5855
8756
143
6103
6356
5853
6056
40
1097
7904
1282
4644
5545
5759
187
4308
147
10189
-15
9820
1082
41
6232
1477
5966
161
1220
13696
8577
5696
8119
3986
11982
141
1187
5968
11270
7482
6020
1134
87
5990
8779
6132
924
6105
13755
218
1037
5980
277
7527
944
9550
5681
13693
132
12583
12794
3865
5892
3937
1554
211
185
10085
5950
6265
991
280
980
1159
1494
186
985
10689
1554
5724
10783
5884
6810
8214
11670
201
5795
6122
5960
11672
50
135
5381
1186
1468
6117
5911
5857
5881
5738
154
5992
1179
1731
270
13874
6057
5778
2721
14005
13212
151
5990
1080
91
1288
132
6313
1335
8230
7141
13417
6442
1230
9104
172
5775
11293
5716
4330
8285
234
161
6088
5898
951
5366
1344
1078
13710
13860
6264
13983
11517
8569
1316
5745
10498
5865
213
6022
3268
5774
167
5766
5462
6851
5889
13690
4281
161
257
13429
5765
6125
5987
1474
8781
5446
5870
8532
5629
116
5974
11906
11994
6061
7627
172
253
5867
50
5611
1044
6060
5707
7242
7248
1328
13908
257
6094
13701
5832
1238
225
7255
6177
6592
5770
11477
6392
13135
8553
10762
170
1382
23
9259
13469
6778
6079
5596
13756
69
4666
12693
222
155
5883
10553
6263
5902
12151
124
5741
6044
6141
5296
46
1318
1258
167
159
7322
974
114
9687
4833
149
6009
11921
13781
5878
196
61
71
5989
13867
5936
13628
6087
1331
5818
1104
204
225
239
5821
140
6219
8811
5752
200
5699
10145
5978
5704
13989
6061
6062
6488
1456
887
4662
10343
5966
97
33
8792
1086
1164
5567
39
5732
140
10410
6008
4803
14145
9486
5987
6150
5846
13923
1396
6168
213
6122
8258
93
13776
186
5629
7222
96
5845
216
5789
63
311
4776
114
6195
3352
1126
177
5836
5463
6062
5993
11976
118
188
206
14068
1086
153
5911
1431
7978
191
1273
248
264
5450
5981
13724
5823
6376
6454
5847
6285
88
4764
111
65
5964
700
5751
7232
182
123
8432
13789
10580
243
5210
9929
5650
1520
9745
1210
14109
141
956
5790
160
6444
989
5048
3752
10151
93
4850
4701
7889
6755
6041
12280
6246
155
5680
962
239
5634
128
4861
6327
1348
11282
6158
6121
1508
10520
5665
7004
161
228
956
6000
5609
105
6079
6039
5788
6019
5810
9677
160
5864
6781
9367
1226
11720
1543
5881
1430
1458
5441
6900
5884
5945
6788
77
11599
10195
7362
11031
5063
12640
4504
5961
5997
1127
6004
111
13910
1055
6198
74
5878
144
187
5310
50
5792
171
29
1336
218
13847
192
178
107
176
5704
1304
128
10117
5730
164
7292
16
9901
8795
5660
6040
7422
1064
13472
5904
1445
154
5799
139
170
6347
203
65
120
6148
5718
132
13913
5925
6073
203
6083
8783
13636
6168
5894
95
5818
13571
184
13783
10813
5886
6162
212
262
1063
5795
249
1202
6081
6689
1021
10114
5570
13709
7636
1466
142
5769
175
122
6143
7019
5883
1278
6102
6261
1130
5649
7413
5846
13845
5556
1589
11665
167
7714
7209
80
5896
6005
5777
130
5893
4950
5803
6006
241
232
79
-73
5685
5796
5989
11198
7543
5895
5444
5863
1082
68
8541
6069
6093
5965
4889
5771
9388
4695
194
5811
6304
179
4809
9489
1422
5476
11345
6012
6041
5586
121
31
9999
11197
1297
7769
209
5885
5907
1473
82
13589
10764
6224
9680
144
1300
7956
5892
188
165
6075
111
222
5858
6057
9406
114
95
5906
1370
184
6237
1200
5800
6254
6087
6107
6688
5167
-3
5665
6078
5915
93
192
5757
9623
6001
11192
5848
1315
6292
1211
1223
6265
4682
183
70
7990
12618
8361
9296
5866
5557
177
220
4375
5882
4280
9561
6294
189
13510
6896
6348
13371
944
1061
192
254
148
1184
3969
5866
5683
957
123
5084
13418
6030
8181
7972
3770
166
187
227
11878
167
5738
6244
90
1449
11
5978
5930
144
10792
1532
9489
5892
26
257
1193
198
11698
5859
13459
6034
10302
20
35
5895
1081
1157
126
178
5602
229
1581
5937
8078
5973
5956
10479
5753
5320
204
157
5811
3632
5985
5919
5836
9940
9556
5822
3848
13692
11755
216
1068
9577
10084
1361
10340
988
109
113
1285
6791
10909
182
171
4243
974
1314
154
13687
5907
90
5552
8
147
142
242
5954
1461
1063
226
161
6052
19
6061
5900
6067
5684
3569
9102
1505
7786
6190
49
7047
13843
6013
9455
144
7501
167
5922
220
153
8019
201
1051
9032
5879
5947
9136
3104
1015
10237
13338
1146
6001
8618
6204
5322
181
4886
9361
6042
69
8532
5659
1449
1033
5859
1207
141
6162
11759
3527
151
7915
7870
11216
13637
6423
65
119
10305
5294
9930
140
131
13837
7
128
186
6406
137
5858
119
237
161
4004
5904
7155
13679
8548
4052
6013
12137
130
6150
180
38
201
7925
53
5929
5566
5874
1074
13723
6011
181
48
10296
187
6118
5699
6044
5801
43
14084
1277
1448
6357
122
6125
841
5972
3499
10993
138
7877
5269
181
5837
1485
4588
114
5284
9192
13818
1490
189
163
6076
5450
1430
159
58
169
9495
7662
5988
5925
5870
168
189
91
6627
6506
5861
92
8448
1430
75
6151
9981
5052
5647
5949
1360
9161
168
5401
7446
10591
5491
9341
11152
226
103
5677
6586
5921
5734
-61
109
5804
10403
157
6095
9841
3677
6021
5702
8755
100
6161
6015
222
120
60
155
5268
4584
5880
7226
11288
78
5755
10392
140
11065
3095
124
238
11951
5822
5297
5822
10127
8908
5906
5745
69
11780
11474
113
999
6107
183
5685
9991
6167
160
154
6872
186
13765
184
5982
5961
1123
259
5818
9202
1580
13676
7374
1427
349
6092
13716
45
111
139
6746
5575
175
1286
140
13843
6316
16
5431
1215
105
1057
9375
5934
1461
7025
7203
168
123
4211
5464
6048
8397
92
9319
1054
7956
6234
8010
9447
5720
11940
1150
176
1323
10407
6262
10932
10168
175
63
5862
119
13588
5771
6134
193
393
5843
10301
256
6152
3325
13275
113
8218
149
173
8034
929
67
5944
139
5808
6340
5550
5912
2946
5900
8933
215
10469
13839
5844
5866
12310
8692
1333
11241
5688
5531
120
5405
119
1414
150
4516
29
9312
58
10151
5782
1258
273
153
189
6208
5731
6308
978
5703
5927
236
116
5808
8811
8046
11702
1113
11350
4594
10095
8835
190
2885
7107
5705
116
1190
1648
5864
62
6104
5860
140
10909
10753
5776
1307
107
11558
6184
6515
40
5881
6187
5503
1143
10449
333
6017
6087
5910
6221
141
5624
8625
6191
290
6029
5744
5830
175
13522
114
5694
1239
5639
7726
73
8371
5719
5810
7856
5925
6969
176
5745
5813
202
4907
184
3581
4076
939
1192
5948
5699
122
112
3866
4298
9653
1409
969
6712
10376
5886
6011
3748
10670
233
9387
5829
9993
6090
3409
1010
6184
1502
113
13791
90
164
1112
5520
223
5888
1034
7644
167
107
47
205
5936
110
5709
5628
5744
5767
1034
7260
222
5588
13726
5642
5846
6268
5536
6048
11136
10719
13800
6014
5704
5674
6260
147
6019
11849
261
11
4572
5918
5858
229
13886
150
10672
182
5944
8863
5951
5699
5273
4356
5999
5823
12319
7651
7835
187
10988
5685
6015
13595
8844
6125
6328
5554
47
6019
188
6135
4604
6553
-21
133
13631
87
5965
100
5792
6229
5812
5748
13838
164
216
5812
5386
80
5519
5763
163
1254
5826
10392
5763
6887
6139
178
8478
6012
124
207
11547
5794
1055
5436
235
125
13291
64
1400
253
91
132
5811
3658
200
5810
78
5791
1473
4461
8239
5872
51
207
222
1489
6729
2953
7822
12098
1229
5863
7010
5660
5622
162
4495
207
33
10230
5674
100
13573
5790
4017
52
11535
61
4984
7831
8769
4634
5857
79
246
1440
201
11339
175
6155
5902
5940
156
12586
169
148
108
104
7454
39
1394
192
13891
125
4414
5818
1459
103
75
1314
214
5543
1218
8037
6218
44
5730
5977
6050
141
24
6139
1058
222
11661
5877
13822
6256
186
6920
8943
9852
5651
5796
1257
5925
5774
243
1441
9977
150
1097
10369
5782
107
9391
1258
6113
5835
104
11430
10259
12144
9055
1259
1235
995
11452
1284
7566
169
6137
12825
5821
5884
9633
1122
1241
1499
5862
11420
9845
13853
5883
11459
112
10805
11135
5975
5612
5749
1283
1269
3787
5755
1264
10367
5674
5502
222
13941
5840
11263
5370
6143
5833
4873
4339
917
170
153
87
182
176
5973
126
13887
245
5834
112
3693
13063
5698
7299
1174
1151
8244
114
1239
5892
12103
77
11405
6859
6287
6241
1267
14026
6036
5478
5773
211
4755
8489
997
6042
13432
167
5679
5151
13750
98
146
6109
136
5929
186
11337
5824
53
147
5759
5761
1016
10413
11342
5950
1158
10931
5715
139
1351
163
11462
1160
6203
1298
11029
1333
5927
106
4154
10317
11671
4455
5858
195
1347
7777
63
3416
4644
4580
80
6057
6804
6211
10502
5528
5971
10364
100
11387
5922
12348
214
1079
85
294
11503
6216
6046
5955
4
5900
5869
5831
174
1085
97
3989
8016
6124
169
87
136
10568
5871
105
5734
226
5782
6235
5765
5842
5287
86
6282
8079
58
159
1477
177
6065
5893
6002
4151
65
11967
6127
12579
6432
5874
14001
1341
1108
9163
5901
127
301
161
6040
9606
7257
11068
5844
5872
5738
10819
5977
1166
1270
1094
221
9129
9332
7053
7395
143
93
256
174
3076
39
4351
194
6103
5182
4389
1048
5841
6268
8178
175
13736
5867
13837
1237
149
234
5862
1280
179
5982
6010
4736
1476
10315
5656
13569
11953
6090
5606
127
5882
5741
75
4993
8004
7541
1272
10369
5957
12473
5921
147
122
9830
3885
9542
67
8010
7787
6145
5729
82
882
4593
6015
1511
1032
3395
10393
8401
8403
1281
5075
4780
5954
179
6931
3403
5548
3365
12292
1010
5749
55
5574
876
10125
13791
106
1617
220
5453
5870
13406
200
6249
1115
72
3164
6034
1122
5652
5846
9931
4600
5666
194
6072
4438
7716
8402
5837
232
6400
5998
5615
5601
5892
191
9928
1322
8702
172
91
8374
5662
1467
211
4087
185
164
7350
4805
10453
185
9
5859
212
213
5843
9650
7039
149
6085
4
173
7522
5136
1302
11244
10576
5691
5620
5688
13741
945
10574
1237
1349
4284
11252
13988
3430
6220
902
6028
5588
5934
92
13375
5841
5337
5845
6131
6061
13044
252
172
120
5554
11413
4967
5977
4376
6227
144
180
5783
5666
228
6068
8022
10904
6217
5979
5889
1080
6129
1117
5613
7621
3771
115
9606
5846
1444
5901
6167
5899
5439
6006
12169
3850
1229
11208
85
5890
5947
6906
1176
-34
10923
143
8441
34
13092
82
13745
5862
1053
1222
5809
98
5575
10414
12030
1077
3171
5712
5768
184
8901
5993
6011
8434
6041
5873
5758
11138
9930
6049
11133
6090
3998
11018
13544
5974
5897
7586
13882
9278
155
9235
6336
8215
1223
3221
4173
24
4881
9081
8936
6361
1192
11591
4096
158
8706
12856
5892
95
5712
13799
256
5746
94
5863
129
164
140
10273
8300
5405
-10
8114
202
178
43
155
6174
273
5535
11181
13868
5931
1269
5393
3927
177
1405
1024
1249
5896
156
6196
1010
172
5555
5790
6134
240
6852
134
139
3575
5989
13495
9122
6225
8954
12783
88
9366
9351
5641
1324
5789
6133
5925
9523
5686
3818
13891
10914
1511
5399
6087
153
6348
1516
8740
160
1203
93
104
820
7727
5808
9723
5719
8096
5978
61
7465
94
7662
10343
6281
7478
8144
12244
9033
1230
9272
13600
920
5737
9178
4041
1185
10248
5766
85
6048
10454
5729
173
5037
78
68
13952
11303
230
5663
11239
5624
7800
8307
13560
1429
10642
6260
3111
185
174
5969
5739
5993
5988
5768
125
6238
77
6070
204
5903
5909
12061
4808
4935
114
4782
6010
1150
3690
1164
155
5735
5699
8317
1065
6003
11818
10111
6332
202
6160
3716
5697
141
-13
6072
5907
5981
279
8722
6000
3669
3199
6164
13921
5863
7542
176
3718
135
925
5994
63
9759
13537
9063
3499
259
5473
1072
1055
-1
159
5778
6236
5883
5613
10186
1433
13698
5703
674
6097
176
5906
7042
10412
6042
1040
5002
5837
5834
135
7402
231
11613
154
6839
5799
5828
5887
6018
11027
5719
95
31
1002
1495
7149
11481
1392
5665
1471
132
5656
4370
5964
1638
11416
5962
11279
5684
6457
5715
6430
6079
5817
5539
1131
1362
5909
886
1114
66
3733
5825
5489
12816
1549
124
6211
6221
204
11306
5816
3910
5031
221
117
5810
5847
12509
4533
5732
69
5898
4204
13534
5799
10514
11134
176
4126
35
13665
5342
8900
5887
1150
8065
6050
6730
6089
5926
8904
1008
1107
7935
5921
11999
5971
6233
106
44
6050
10761
5395
6308
4568
5971
5880
11274
3930
101
6142
6064
144
7044
13637
144
3698
4322
4840
10658
6114
3895
7297
235
221
6083
3962
1001
154
3815
240
7365
6285
12447
5642
6152
6149
117
6025
3334
1096
5257
4484
5944
7
59
3926
277
6105
97
6019
6062
11837
7431
6662
6244
8978
10015
4328
10633
100
1342
11120
9
6972
1441
4352
13968
995
13407
12462
6248
5938
5898
8987
9118
5700
165
6028
1166
59
5849
6160
1107
13618
5977
5811
5731
150
13655
5639
1130
7532
225
6014
12373
11167
8928
6179
192
124
97
109
201
5299
6081
6034
6333
5893
5898
92
4533
5030
1717
1356
1338
11247
6513
13949
5785
88
198
6169
82
5773
146
186
5828
7619
5723
5795
5731
6026
14080
6365
11496
5913
5924
11292
239
132
89
6367
5660
6008
222
5975
8105
129
145
8028
6123
109
7010
5909
6266
10655
1131
10168
10838
1285
3662
10587
6107
197
8204
203
134
5818
1309
6090
5945
1232
101
7817
1566
10502
3913
6469
5514
5580
5447
1524
3190
11993
9129
140
1068
117
6002
1359
4266
5864
1151
9514
5951
167
5557
5805
11493
6956
191
1134
201
4695
7044
5922
5839
5985
927
7908
1296
5669
5886
13884
5871
1410
1161
243
7246
6032
5097
1166
3758
165
5389
5954
7998
87
150
1330
7574
13868
5347
5541
919
11621
190
5828
10412
8761
5655
1225
213
6223
5938
12366
155
13016
1293
9759
5806
5605
11625
6191
1393
10848
127
10025
5812
5599
180
1347
1251
9033
916
5590
913
4828
5699
5655
3813
5744
6089
4920
9762
191
1433
11628
8169
13692
37
107
1051
6013
5904
1227
149
5879
5454
203
5934
9256
3993
11038
9707
210
5749
74
2994
157
119
5598
5740
9078
72
-25
2836
10789
6059
4834
3362
1373
223
4069
6078
5717
1100
1012
5919
13743
1206
1494
9167
5180
1106
11720
167
5640
5982
7073
8415
13265
12072
5883
7039
10518
4351
4091
12895
5897
4730
11732
5839
5657
13454
5912
5976
9320
6538
9301
5536
5092
9821
9412
186
6072
3816
11345
11863
5791
5587
8838
7558
6280
6787
5787
6316
5656
91
10165
59
5925
170
4748
9580
4580
204
4446
6019
177
12407
10247
5905
7739
10617
6139
6076
5509
11231
7150
13945
6162
13930
6251
5771
6096
276
10491
9722
12547
5890
5896
123
128
5356
5720
13528
3771
269
4040
1377
5911
13902
6137
135
8169
10434
9373
159
92
6067
11317
13202
3485
7402
6168
109
944
1171
5656
10391
10981
10367
5938
10667
9668
6901
13793
5755
5876
20
9209
176
156
9774
6128
5963
6066
10401
8382
5931
10099
1056
164
202
6114
13763
5950
8348
184
6717
143
1435
6334
3585
5850
5801
5965
13514
201
1357
173
5755
5867
5946
3888
5856
7609
1151
11761
5763
134
5800
5968
148
1515
9024
10161
1406
5113
1404
6083
10186
5686
1180
5915
11264
11565
6267
5121
6276
5947
5334
1256
1446
111
5027
5875
4006
1404
116
181
5592
5688
106
277
1313
3836
5916
181
5625
5766
165
1246
13853
8301
10909
5691
4621
5834
5267
172
12248
5354
5119
172
94
5711
6230
5345
5767
243
1392
6154
11400
3441
1192
10401
5796
13792
10599
89
7095
10310
10848
4673
10045
6120
-9
1156
6231
3124
10802
5984
10535
5853
11206
1057
5767
1087
6795
5470
869
5681
5741
5413
1223
5861
1328
10833
6761
3682
11396
6020
6068
6280
92
3109
10816
6010
3899
3654
5604
6201
5887
10530
11867
128
4061
10315
3864
174
1104
5589
5741
1414
6000
1170
10760
5891
9081
-40
9848
5904
4148
8121
144
5338
105
4279
7896
13741
8107
11783
72
-5
13892
7837
11380
5704
6816
107
5735
6545
4219
6518
284
130
5951
4854
5506
6446
11287
96
1340
166
101
4337
11541
1025
13621
1081
13620
5875
13539
5938
211
10560
6001
155
9201
92
49
6213
7893
10886
7586
115
5796
5841
10706
144
1445
9086
95
6005
1079
1190
254
207
5424
7164
241
13811
6073
5674
5766
8676
14064
5852
889
1085
5528
1159
83
145
157
5809
4963
4017
1230
5694
5921
8662
235
5926
9825
4047
1069
13403
6428
195
5665
5950
5748
9703
103
7435
131
13552
15
6094
5652
7429
5660
184
12023
6033
6274
13579
6135
135
114
1629
10988
1008
6251
5240
3680
1035
5921
13318
5732
11785
5616
5885
7436
1228
88
5829
3200
5899
4572
91
13356
11038
6116
7737
7238
218
5856
-21
9403
62
5898
119
10215
5483
7552
10922
1646
6028
5900
6051
68
69
45
192
274
5675
184
949
5456
5698
1275
4526
5734
1400
5716
5891
5741
5774
5974
165
6026
237
5755
8435
5987
5949
10899
5832
4666
1322
6980
3867
245
5755
6297
5904
88
5812
5952
6142
1248
5583
5962
1158
84
10178
6515
51
144
1413
5707
961
5996
4314
72
13932
8685
1154
182
157
71
6044
179
5596
171
252
5736
5921
5819
5888
9159
5947
5622
11166
132
159
5362
1317
26
266
1191
271
6305
9937
1292
7266
3690
8444
8635
119
4262
5739
170
98
3415
5589
5186
5711
6057
3587
872
9169
87
5637
8657
6117
800
1230
20
7347
53
5864
9584
8288
5807
5712
6210
6127
6034
10235
11122
9032
9220
1100
156
5867
13793
222
13459
107
936
219
9716
10322
6016
5990
6272
5888
1122
8133
138
250
47
5874
1350
211
5994
5897
10329
5444
9449
197
5967
6412
12227
6531
91
5774
6128
81
297
6163
10941
6954
5113
1050
5724
1177
3878
7165
7855
92
14006
5824
6811
1361
6203
4696
8289
5285
99
13728
1214
197
291
5882
6006
3329
12917
35
5808
9591
6174
11152
6232
5944
10058
6118
5971
8938
158
5639
6110
6044
1032
6104
6206
66
45
5935
268
6370
11923
5273
863
80
26
7733
3815
9367
119
247
5831
9993
183
5999
5892
4580
979
8235
5894
111
59
5638
47
5626
794
6144
210
4593
5819
9175
3581
11216
5944
11175
9106
5643
3
6387
5971
6294
6260
1374
8347
61
1172
9038
5961
11359
1310
6036
5596
5853
1504
10159
5667
164
1197
5347
8632
32
1203
7826
13733
114
6197
4242
6014
121
9281
1285
167
5998
67
116
5850
10899
6172
9050
7436
5050
1356
10826
109
5903
116
10092
114
6029
4793
924
5701
5732
3250
92
5151
191
1160
4867
5688
10629
13988
928
1429
6152
5726
6056
6037
3956
5816
114
211
148
186
6948
105
8052
31
5932
6214
11456
5770
1084
5929
13564
109
6505
3570
4552
8503
5714
8647
6318
24
11329
13758
158
7138
10171
53
6113
9724
5832
5781
112
5390
13427
5976
9611
11523
8281
205
100
11816
165
1519
136
6012
34
99
149
13760
8576
6159
172
6131
6013
8159
6947
4911
6212
5778
8243
10493
1157
13185
128
7803
13888
5917
6022
4446
4664
5665
11546
3492
962
5267
5503
5602
10035
976
142
8830
3930
12128
5643
7308
9861
5710
9840
5722
21
1093
80
5579
5787
5807
124
971
9425
5691
6078
5797
1193
179
6781
134
5906
11059
5971
1496
10920
5878
8783
7077
6041
1212
5632
1285
91
13619
5730
184
5965
1086
7624
9170
6082
28
13568
4502
5861
5746
174
6097
88
5673
7615
5615
5608
5859
9722
11318
6160
5686
5892
6106
208
5596
103
5739
6798
135
1206
50
5942
145
1627
133
6017
10484
5846
5814
5822
5713
116
13636
5575
1386
978
163
85
13011
1434
320
947
3779
5622
13746
9946
8310
13724
2
6064
11848
5932
150
113
10441
10332
5872
1626
6097
6024
13367
177
11656
153
1028
1224
155
5767
1402
5827
4232
1174
13198
8034
9055
10461
5963
5861
5961
135
1214
5525
13563
3345
8605
6132
1012
1479
6101
1026
7035
5557
6383
9351
6679
174
11710
5872
220
5768
5740
8343
5884
5626
5709
5746
121
6197
6243
5919
5870
10556
7526
6153
1275
6192
78
891
1232
5894
5713
5514
4274
10686
859
5873
223
914
1133
6984
6185
7866
9946
130
834
5888
81
13644
5884
171
10495
5525
46
207
1251
11553
5169
3449
10486
5791
6005
6134
5808
192
5961
150
5976
10814
191
13925
9563
5677
3708
5563
13561
142
5413
8857
13877
13427
5311
6058
9951
5753
-31
114
142
5895
1244
10013
9848
113
8740
14052
6071
11124
133
5102
1355
6193
5899
10592
6970
5531
1216
-38
5886
5773
4956
212
12458
1181
5644
10612
14098
1299
1578
8972
4087
7665
13841
1466
7375
7995
801
6298
5436
7243
6073
8172
6116
7310
211
4712
5851
11514
5523
928
5899
5363
4376
12020
44
10823
5969
-81
9988
132
6185
5284
7965
13002
5821
5717
5839
308
5653
6438
6568
5676
68
11208
8049
11148
6404
4417
154
5921
6865
5993
9691
3
10261
1077
8165
36
1268
4628
11473
241
148
150
100
9251
798
4192
5921
6174
102
4589
7118
4150
6024
10277
6677
9337
10976
11594
1311
5882
105
1202
6153
5815
1323
100
873
5642
4589
-8
11357
4059
168
6844
5648
6525
120
10220
5417
4109
5613
6033
116
1536
5649
168
1207
141
13903
1299
3881
5998
11679
7799
12305
1147
5968
4695
5833
6098
5564
7904
5555
1350
3653
21
5698
1315
5976
5674
13773
9827
110
8025
5607
115
11828
8916
9771
5829
11354
7410
76
5914
6320
6185
96
6269
6178
65
13629
6070
10678
5816
6049
1090
92
69
4431
122
5968
95
95
186
5795
9933
197
8685
4067
5813
7246
169
3804
11230
241
232
13783
858
11744
5805
13891
88
1496
3491
5986
13852
5307
6170
5983
5996
11566
6056
5429
216
5812
6216
71
991
6018
11158
191
188
1028
10403
6200
4890
154
79
235
104
3471
5844
5824
9856
-5
9382
1239
911
6071
6354
7854
6138
5931
5778
4858
178
13472
1111
11630
9242
9926
1188
912
11315
88
8670
6035
4705
183
10575
7531
8583
1438
5997
4398
7216
5895
10247
6108
1235
5745
7396
13872
5597
7777
13058
5627
5299
108
5943
209
5795
5871
4775
11635
889
-6
156
6045
4594
4125
6086
5750
6030
6384
190
1183
8644
6072
170
6122
6001
6131
5647
1284
5994
5686
5963
6190
6164
55
5096
5952
5940
5850
1329
5809
11343
197
10836
6040
10072
7679
115
140
184
9548
13345
7568
5909
5758
5837
1026
6022
154
5936
883
1282
5913
6280
3247
6075
6267
4965
5643
8572
5886
6268
6029
157
9376
7811
131
9640
3874
11905
151
5943
6040
4153
57
6026
4519
1228
5742
11101
1271
6133
1197
4788
6196
44
168
6114
6769
13
226
6257
5645
232
1102
138
5084
11799
131
3859
166
5964
4873
10632
1128
10065
8500
5640
13986
192
130
1063
9472
170
1176
1205
120
125
1254
7177
5207
1192
5747
5764
7176
5947
192
6024
9509
4166
881
5386
5859
6426
1017
1224
13455
107
13691
5686
9842
1141
5070
5044
1130
3946
117
5831
1104
110
5599
7810
10106
7749
6024
3820
9270
11250
5605
4909
6105
6328
5557
13670
7768
51
5354
5781
8362
1456
6078
13583
6004
5936
5680
5071
140
5899
1262
6144
11228
12528
10384
13085
5912
1199
5838
7791
804
5858
1047
5780
7272
850
6895
6010
6057
6139
4729
1195
10843
7667
8057
7199
133
7462
5830
158
5993
4888
5747
8537
5997
105
6219
1225
5466
131
10706
6457
7295
6066
64
8239
5853
9013
875
180
6109
6103
8079
-20
8209
952
5973
113
125
9261
5810
5856
5881
171
8873
6183
5818
5824
9112
10282
13665
6076
4769
11314
4194
6001
32
5764
5698
1294
11395
9807
5579
141
6063
10213
6110
11027
5389
13828
1600
101
5718
13399
127
12118
5800
95
1293
5856
6893
13560
13839
10603
9752
11897
55
10021
172
147
11970
4334
764
10520
6173
5797
5857
13418
305
11705
143
13484
4581
6138
10766
180
184
6562
5242
5996
10323
5888
1420
10260
4094
5866
5597
3809
1562
1474
10273
1404
7116
237
4406
9135
13854
6199
1129
181
5798
6085
6547
5858
4978
128
6923
5529
130
5649
5945
7665
9211
9344
6173
5928
992
1567
6579
6267
1443
11440
10932
6148
1195
1297
6031
13804
1206
1183
7776
286
5949
1431
10227
865
165
5548
11722
5865
8548
5676
5602
9836
4045
11515
2630
5566
2890
191
6243
138
13842
189
1103
13652
5709
5698
12217
5918
5805
6083
123
10403
5908
6112
8346
133
194
5848
5935
5587
5838
5670
977
11058
8163
66
5860
6065
5848
139
6029
6031
6986
3367
9054
177
180
5988
115
43
10876
75
9687
6083
1327
12040
138
167
8251
165
212
173
5807
6015
4027
5657
9137
6155
10241
111
5791
4667
6085
12302
5808
3706
120
96
11049
6681
6340
158
1055
11613
277
182
277
9119
13628
79
8402
6125
224
1060
1250
4358
6972
5536
5808
6329
5706
5894
1439
5063
1283
5751
11622
234
5326
5930
5512
106
5425
137
9595
5663
174
893
920
7003
1164
126
197
65
8298
4955
141
4176
5940
5647
927
1290
12794
984
1271
1045
153
5868
11804
3066
-2
5871
293
9869
5708
13730
4679
5904
5908
11158
10722
5980
58
4394
150
9022
5908
4638
221
10791
4961
12582
117
6059
185
5931
6592
178
6023
57
5804
5679
1050
6063
8888
2739
121
7489
5780
7918
254
192
11446
2937
6374
5949
6040
131
1350
11159
10268
5791
5942
5839
5643
54
145
4650
1320
3103
3502
5677
6056
5984
10174
5540
13274
6126
6183
1109
8154
6216
5988
6252
126
3848
5952
5797
3935
5871
218
168
6156
6278
4554
109
5823
3387
6166
3581
9660
5591
1165
5908
6044
6650
1520
10497
5967
5509
6027
1640
5557
6045
13605
5979
6296
5985
5858
4220
175
1082
5317
11020
11797
1220
7742
9662
133
9263
5819
13555
5948
1237
5843
7876
90
3946
8255
5814
5625
5805
1451
6049
11062
6304
6141
11008
127
5458
4834
11857
5188
3789
5388
6560
240
9187
1006
5903
13637
7721
5888
73
12180
5820
10599
5882
13643
6337
9115
66
5849
6162
10851
8980
6309
10387
13
144
1208
5849
132
78
149
3173
14038
71
5942
5878
252
5703
5837
13985
8989
5821
5846
984
6339
5974
6869
5630
118
1544
236
5956
122
5935
5947
118
6067
5690
10616
5597
108
6079
6115
4750
44
131
3882
166
35
6032
4798
90
106
9936
160
142
7019
5750
3800
5995
124
9254
11066
5943
1488
905
1090
27
5675
6189
6478
7445
13672
128
5739
3010
184
5975
6436
160
13855
5900
4002
1120
13587
12038
10678
6449
6900
5971
1531
5287
1112
148
4473
5931
1028
11279
5995
194
131
5906
10624
5777
10320
5978
4574
13682
5081
5492
5737
5849
8021
5982
981
12436
5781
154
102
6031
212
13993
111
5787
13958
5903
6023
13359
5814
210
5688
1507
10857
136
3821
4302
10942
5885
7719
152
1204
131
231
5744
5641
7131
1167
5450
109
11681
8338
13799
6129
13818
139
13611
5689
13684
5939
5065
5677
6217
5996
231
5901
68
1138
119
6132
9677
5722
923
5701
184
258
5719
5523
6044
6727
8963
11000
8556
46
9281
6224
7281
5779
68
128
1447
129
5496
5867
13856
6008
4850
1664
6014
14033
4719
72
152
5843
6135
3531
5617
9058
39
37
8996
155
6306
3376
983
10255
467
10457
143
5545
9538
5881
131
5760
13734
957
11295
5591
4824
8643
164
5896
1002
11235
4313
5595
1408
10899
5292
1244
10567
5751
10605
6724
5860
4000
171
5981
13748
35
6191
116
6194
6544
5559
5918
5710
4909
80
13557
49
5647
6170
151
134
9667
4831
1289
4842
5882
241
1430
1266
116
8626
242
4947
191
5377
11279
12558
10651
1089
13
4111
5619
5695
7959
6043
1101
6087
11271
62
8861
1358
6047
137
5998
5839
13491
4771
7521
1512
8859
7241
7235
5960
200
8938
88
3729
13784
5726
5964
8798
13905
255
5828
5266
11731
5579
1516
6278
6068
3424
138
5980
10486
6644
1052
5937
5850
117
1050
11486
1342
6057
9094
9060
13096
7113
11103
162
5537
5907
5632
11580
5874
167
8887
6355
9035
5768
6532
7745
8922
284
3135
6833
4
10171
6083
5636
4623
114
9644
5871
5713
7418
9852
6237
10967
6196
5953
13999
1397
8268
5654
180
7913
9219
10572
4258
12129
7151
5965
5929
6109
5742
164
143
1341
7045
6806
5479
5405
104
206
4735
5912
5838
110
6464
4815
191
977
4894
174
9653
131
5694
1448
5661
1158
10570
5714
10809
4924
5572
118
9290
10963
5779
12404
1317
12682
98
5918
6275
207
12771
13928
11894
193
13662
3007
5499
8157
273
5872
6046
6565
6055
1430
5703
1184
119
8395
6347
5344
932
5779
6286
9729
13721
4888
5690
10551
13628
4692
170
779
8708
12064
-3
1280
9475
6309
4321
1417
1548
8710
8634
6042
7302
5997
11002
137
93
4284
229
7205
6165
143
5664
3898
13839
5894
11620
83
111
1449
5672
56
95
5828
10841
1172
10463
9305
195
5845
8986
6199
92
3839
4581
9677
287
6255
4137
6099
5989
8533
150
13946
6076
4091
96
12827
5920
6105
966
4552
11562
12829
6322
7839
5958
7611
5449
6648
1236
6180
6133
208
154
13031
13576
7630
5588
3672
1225
6537
10186
5615
150
10330
13660
5943
5863
5654
12911
8225
11483
6029
10382
108
8858
285
5724
3890
130
5724
5899
8233
8742
5812
13569
7106
5720
1346
4821
172
138
43
112
1002
5764
9637
134
9093
183
10335
6151
6036
5718
5652
165
5829
7712
10817
7881
5739
158
981
9126
1520
118
5660
5358
6049
4446
13314
5550
5785
194
1433
2
7399
5577
5803
11342
7713
5460
12001
10677
5984
81
4755
12812
5858
5706
5724
5646
131
1109
61
1058
6969
1086
5786
5774
11871
1085
5839
11321
5229
227
5897
6125
7890
1193
5852
5489
6039
5986
5766
13877
6010
1119
13393
18
5945
123
1125
61
5830
5486
225
5902
231
938
1062
7774
6196
148
89
5213
10212
6072
6552
6118
5985
3570
5902
5770
4147
6246
5950
168
9935
5970
13494
6002
8434
6015
5868
14028
5556
5222
10886
5937
170
6116
256
6057
98
119
5849
201
5765
5951
3848
8944
3749
148
5343
1165
5857
1094
5598
5781
6034
5925
13558
7328
5913
10900
1101
1277
1165
-1
9783
13357
101
7492
5967
13804
176
130
1321
11528
1452
9353
131
11022
3619
10653
7195
5592
101
5617
236
4228
9913
11382
176
10809
255
7332
5822
13537
1030
209
5942
5814
1292
4013
5667
5397
55
5688
976
44
10578
85
7952
950
154
5921
7761
7443
5714
12556
5800
6007
13365
1361
6932
11096
253
4684
11028
7235
13475
4395
10080
4427
913
6465
1518
1175
5934
5730
4876
10242
160
109
4344
8917
5636
5858
9196
3800
5912
5540
10106
179
203
8091
1219
5949
7095
10580
4955
6441
5645
10321
9947
67
223
5853
5787
5513
1057
8288
206
3068
5020
5600
11492
6163
8746
7621
5883
5809
4313
6734
8224
264
3778
26
6600
5458
6016
1321
6126
5622
6783
5754
6188
2940
1087
1614
11857
5865
5963
5188
1147
133
3218
5516
250
13943
3640
11925
1492
13600
11009
5613
10413
205
7581
4623
164
10306
5692
172
210
3506
5852
5885
5468
5410
4688
5828
1076
5967
4370
5767
9786
10302
5885
5872
80
5599
9244
13810
5865
256
6091
9282
1154
1236
160
5684
5595
1121
5807
5761
13821
8487
8077
4875
6238
184
4623
1208
11109
687
8613
144
193
11325
8299
273
13814
217
170
13725
63
10234
72
7491
4254
10055
5996
5429
6060
134
179
5384
4702
5589
13443
10037
7080
6166
6073
6129
8974
5837
126
13996
5961
5907
1360
10103
916
5668
1389
5767
10316
6039
126
5864
10609
8848
6150
179
3286
4361
5834
3457
295
3430
1444
13729
81
5812
5910
3705
6039
11656
5940
5998
124
226
138
97
166
7776
8193
91
13600
5578
5753
6833
112
54
260
6151
161
6092
843
1348
5976
5663
6253
1118
5785
2978
257
5949
4672
6002
191
5965
5914
6046
5952
251
1107
1113
5215
3897
6079
132
5909
11329
11533
5803
6202
4541
4590
93
13717
5701
6019
6186
5888
10064
1212
201
12200
13244
1337
5977
5935
1150
12934
5847
8137
244
173
13549
5348
11737
6254
5840
7882
192
1307
1192
1
1288
1380
5186
5884
10862
5932
6283
6011
5757
5651
101
11274
5995
5770
159
6021
6369
5419
12043
9319
68
250
6387
5903
5495
11548
7552
6066
73
5897
6198
912
5978
1553
5783
9002
4979
61
5813
167
62
6105
1399
237
6436
5822
11917
3705
8177
11157
5601
187
62
1559
5719
141
1084
116
6462
12670
1175
6192
89
6044
8060
5776
10106
5826
5774
10150
8142
129
12394
8872
5763
4374
4720
10902
163
6006
14004
171
162
13238
5850
5675
1209
6179
8116
5762
5406
3006
7891
1531
5967
185
5683
212
1182
1376
5543
163
6699
184
1284
7353
6139
13901
895
9979
5645
908
13883
5624
11958
7186
1377
1260
6035
10978
1175
1395
7204
5810
5744
145
8813
5889
6115
5841
10248
13950
9929
257
7157
92
10079
5598
5951
5948
239
9799
1009
5786
143
5850
106
5887
84
5926
1232
8058
9502
12901
3614
13948
1226
4062
13948
5053
6000
9876
987
11101
5855
12943
13671
113
3526
5902
11217
3733
13635
105
6150
1226
1321
11595
6364
1177
6239
4104
6071
3838
5748
156
10467
242
5808
122
7538
1352
5538
5890
10904
1390
5550
5930
3790
120
3739
5206
3793
115
153
937
11621
9627
5741
13761
8560
56
5006
4294
10795
11796
3918
5978
135
7705
819
5847
9178
5910
130
165
1252
1292
236
198
1102
13608
9615
6046
1061
5770
1119
9729
207
6002
8902
1310
14094
5984
1005
6059
185
8711
5645
5756
5445
66
1826
5680
152
5616
11285
1404
3684
5901
1080
68
5570
1403
248
5862
1654
3985
9826
5740
6141
6129
9674
3357
5857
6249
5233
5802
5001
6075
62
5741
7822
6124
1105
1332
1234
4571
237
6831
5890
1466
1249
4108
8623
225
7867
5324
101
9003
10484
9580
7292
104
1441
5751
7849
1298
7715
10894
11664
7785
5724
5609
1172
70
5846
13797
5604
6665
5043
116
933
1376
56
127
3796
6134
5506
1350
11298
6177
13088
5471
5449
5777
953
5884
225
5468
115
5758
11229
5105
300
6785
10380
5701
5729
1630
7119
5672
1382
67
1399
24
1308
5132
1265
3696
45
5637
5863
5934
198
6088
10059
11684
176
5909
4082
136
155
10911
1512
71
10875
7378
5896
5756
5987
9996
5817
5794
10062
6474
1433
199
5549
6046
3140
13577
6219
4023
68
1263
102
11569
6109
13940
4684
5952
636
4703
9395
175
3680
221
1307
230
5874
57
5872
6909
6280
89
169
5933
152
5868
917
5656
5789
3486
102
3529
10032
9066
10019
5773
5874
5728
5941
8639
1188
3777
1166
5849
6260
1277
5850
163
5611
199
78
5893
10680
4688
244
5695
8405
5831
1286
5964
7521
5834
7759
1194
11059
9162
5924
6220
13312
99
5870
7337
127
86
1181
5475
154
-39
6682
13693
987
17
5731
5793
4510
966
6667
5741
5902
140
7156
6724
1047
-3
1327
1420
164
5523
11667
5903
6065
204
112
6478
5963
223
5970
5756
13748
11475
9732
5766
181
198
5977
4300
5531
84
4792
5752
132
205
3908
5871
5150
6388
189
187
9861
96
10744
190
6133
8981
61
3102
10276
6334
8621
214
6089
5881
5730
5815
5859
13600
5799
13780
1266
5397
168
1060
5838
5827
5983
13142
5432
188
5929
5888
5924
11042
130
5589
5934
13545
5520
6519
6131
6651
92
5910
5844
5610
89
50
5698
6066
7888
147
6224
7756
5824
13171
11828
11202
3901
132
1356
65
10185
215
1211
164
9986
5846
91
11366
738
142
1206
10786
13938
7694
5725
11006
226
1056
5764
10023
6229
7376
13607
6545
11066
6172
11108
5570
5689
13511
10055
5617
7194
1116
7550
13542
-9
5627
10288
1093
81
9532
119
1176
1193
3646
6040
6034
8100
5533
11183
103
180
13746
13540
5216
160
13660
6307
1106
6106
158
213
7754
6103
5698
6230
6065
11522
11358
6024
6121
7953
6275
10811
130
123
8875
6299
11427
164
210
5666
1108
6045
13392
1129
5639
1070
6134
4949
5759
5821
159
6972
4225
13690
5992
5730
7999
5630
91
10384
1149
943
890
9886
5383
5964
310
4267
5721
13396
5237
5477
5653
7226
5958
13581
6128
6365
5909
5983
6084
13531
13754
5845
273
9493
257
13499
5959
930
8721
5617
5657
5686
119
11068
1397
3410
5799
1429
1185
13987
10757
1107
4515
139
1132
5753
6033
6693
5625
146
6187
8727
1283
6162
6008
3844
6366
1047
127
8836
9343
6574
12267
4769
5824
118
6046
5770
6221
6331
5916
149
6158
6317
5856
106
5902
191
8241
10918
5811
9821
225
200
50
22
223
13876
211
153
11367
5966
6417
12978
5731
8649
6110
1363
8366
10910
13916
13773
152
5829
215
6632
6059
11462
8124
10754
6214
13696
5899
6222
6062
13722
10057
5978
174
11117
1347
5892
13625
975
7696
9518
5849
1206
74
128
5746
10819
6083
109
13834
13952
5909
1265
9404
996
3507
12750
143
103
5899
5836
153
5619
202
6157
10349
133
5800
75
6132
1229
5801
2460
1436
95
5822
7280
1379
8035
1365
115
7012
4083
10469
2999
6121
5704
10088
157
5944
4171
9616
6034
7703
1336
13949
241
76
6136
3871
6030
1130
7477
5698
6101
8137
1186
10562
5828
12399
78
9044
5822
6715
155
5889
6259
89
5684
13320
8379
5952
187
5829
10425
4212
5795
113
5740
9633
12376
11954
5383
883
111
140
726
13760
158
7205
6138
165
7409
6798
5848
5808
195
5882
7210
5847
11754
13324
6607
9760
176
5071
10990
177
5807
13527
5899
257
5999
5896
11801
128
7466
6015
13369
116
9375
5797
6188
11188
1333
5958
10154
13662
6023
7139
5295
5834
94
6164
12157
6020
8898
5832
5884
5935
6328
135
6040
5507
189
5935
204
8285
5887
6271
46
35
6418
1329
1332
6070
1526
147
4027
5180
159
35
1004
5691
4639
1415
5817
126
2884
9074
6074
5997
7646
6071
3440
13730
4383
8544
1203
234
5490
13652
103
6107
134
5723
115
1176
186
1408
9028
208
6613
5383
190
13723
6037
165
134
981
1524
1335
6813
11726
5754
3849
5947
1283
42
14151
5783
5748
5656
4451
6306
104
87
11732
8646
8507
1395
5979
13367
225
166
120
1005
1423
181
5712
121
212
5527
152
1440
4711
9256
6091
1246
273
157
5500
10372
5963
5951
165
8460
10171
13951
151
1250
4794
9503
12390
4551
121
252
942
6142
141
5840
5721
4696
5872
9171
5614
5718
179
42
5928
4062
10183
16
11524
12072
5955
165
10509
5577
7357
4725
1114
5698
6256
934
13672
5829
1066
6155
5746
64
9577
244
11400
5068
6050
106
6177
105
156
6300
11779
1086
217
7907
8700
3707
179
6017
5759
901
10379
5732
149
10122
6683
-7
35
239
1092
5703
5969
1270
6240
5816
5708
6181
194
1679
7026
1202
104
159
5981
96
6324
5865
4334
1038
6397
5923
3892
11349
11122
5911
5727
3988
42
6352
1020
190
5767
10572
166
1482
4111
7083
10421
7200
67
6172
13701
5921
6000
5530
-50
198
4783
10083
10921
5440
7057
1093
123
5817
5715
5870
7798
6223
13700
6223
154
10278
265
10358
5467
5840
1394
908
13962
11714
9115
6964
6095
5940
10203
6062
5956
5799
5774
3765
6048
5859
6054
12889
5778
6279
3062
5921
11250
136
5979
6104
3951
163
175
178
82
148
12790
224
1191
13895
7
1544
4612
5989
13404
10940
153
5406
1197
5872
134
6038
13287
13084
147
7769
153
5826
9575
116
1263
11261
7704
6139
3793
100
216
10097
5700
4094
123
11063
10174
4403
14042
5626
6085
110
5914
13625
5698
5759
5915
4062
5770
10981
5822
5776
13567
6749
13710
8685
6016
1131
10328
8673
87
10495
8198
1135
13743
14022
4174
5958
5834
150
154
7905
174
6039
6236
5965
957
9243
1043
185
6242
10307
5794
11275
5961
171
115
5419
6203
6033
9857
117
3524
6706
47
105
166
5856
148
5596
5820
5991
6542
1134
6914
11064
5886
5970
8634
5466
2972
59
177
180
62
11090
135
1310
6030
5753
1372
5671
5741
13673
109
8423
5961
6190
154
123
11400
1323
150
6154
6252
1401
7688
106
197
5893
7220
10106
1085
159
5886
5871
5611
10197
5942
2851
5450
1037
129
130
5937
3493
6051
4495
3803
6222
6261
5950
205
831
10167
13548
11423
13751
6150
10644
6114
1358
5811
5953
11879
10125
99
11341
11238
6040
4325
6016
71
184
5920
6922
1011
3805
5211
6119
1264
163
1231
11680
6001
6031
5892
6591
13773
5682
6105
3762
7960
5804
5853
5893
5823
5906
5627
193
12307
6246
5930
10041
129
5798
4775
7590
35
213
11286
6090
169
11389
6062
4243
5890
262
115
5843
160
6125
14055
5983
9447
5671
5612
-38
13813
5827
6041
13889
11931
187
6058
1396
72
6258
6934
98
13321
967
33
5670
3814
1428
208
7210
11575
13372
11225
126
7248
106
2391
933
1372
1106
965
10066
4083
1142
5912
11343
272
5856
5295
1393
4951
161
4807
8783
86
6147
7397
13817
5345
12255
6137
4110
13786
5676
209
245
6821
8916
8502
12013
5738
13376
256
9316
6123
5751
6210
3524
101
6188
5360
5850
8575
6249
195
6105
5900
10730
5997
84
5940
11473
957
5556
5939
5735
182
178
5861
13315
1388
92
5698
10488
11187
1101
4019
5782
5847
5893
5828
6023
5844
10894
5699
4136
935
85
5875
10573
6103
7976
9193
5864
206
5682
6067
13943
7718
982
6223
180
3555
7382
8694
1168
6053
7729
5919
5551
11511
5848
125
7210
5663
13717
5646
13854
9333
207
9058
1435
1170
5989
157
5672
5877
1353
3195
122
116
7533
7673
12302
5821
294
13685
11261
194
243
5726
7084
130
9683
6001
10221
31
5653
5382
6226
1396
1382
10722
130
11034
1322
233
11126
97
6096
7135
183
87
1291
220
10331
11254
1071
10223
5770
1126
717
3629
5534
5906
1269
1169
10344
1112
8049
5756
7563
13520
264
5900
5689
1059
5899
5769
1261
6411
9183
5907
5503
105
1138
8606
13587
55
5498
5946
10223
5792
10542
1238
1414
5938
9968
5819
5791
87
1250
208
1499
13861
1090
5527
6164
5880
6247
5250
10176
5719
198
5904
1437
65
6038
1743
5823
8754
12742
1597
182
10331
5969
5881
5866
5937
8670
5856
8599
7593
5917
6034
6150
209
232
9719
6111
5866
1146
8235
13782
5789
6111
181
5888
222
3060
11547
1415
916
10245
113
6570
5861
240
10036
206
13787
965
158
1074
6123
2920
6014
8786
1308
135
11646
5974
5851
5962
11680
1126
6072
4544
5840
176
5476
99
11460
122
5386
5835
12621
11024
1663
4817
14001
157
1053
12716
5641
5740
5890
3698
146
144
1070
7582
5934
6877
10755
1277
7885
6585
4190
5755
6686
5517
4508
8101
1162
4801
5966
218
239
10328
11705
4297
5406
5808
198
10770
4799
10361
5928
5892
1657
5973
1232
10699
6022
13974
9418
47
5872
5750
10433
38
5969
9070
5560
5549
1141
11108
6052
11106
13744
11367
10730
5638
3013
1362
7976
3736
192
8058
7269
13882
144
5876
5143
5850
5561
5636
142
4661
5787
140
5746
6178
3920
1185
9447
9900
224
11167
10721
4507
194
112
5691
5643
836
5249
187
5840
5667
6459
5763
6377
1000
245
11891
141
5738
11547
158
1018
5668
10430
1160
5966
227
10981
5631
7739
-136
6250
5842
5934
5847
6071
12428
9087
13427
1328
11464
10452
11195
5749
145
13976
6006
5751
3019
6054
5713
5806
3920
13598
5863
5900
10683
5962
3618
8667
5809
206
6141
1127
5997
7659
5089
4298
220
13709
167
8999
5943
9840
5967
4659
-44
13889
6017
3427
5971
5491
5929
5996
11550
133
5829
6047
5599
34
73
12123
13492
137
5585
119
1295
3812
188
1329
206
5297
4922
6269
8734
6556
5918
7803
5991
264
9219
5792
9603
1268
29
8898
6036
6100
177
3502
5841
5689
1165
3584
6104
3367
932
6258
1420
5690
5412
1409
11588
9982
5402
10081
11463
13982
130
1281
166
88
6148
8541
131
1508
5764
5895
1242
5348
5916
5307
12816
10476
4836
13291
5873
8926
11005
4093
260
5592
151
1410
1110
6254
5833
11500
5462
3319
5571
764
120
60
65
6784
7038
13429
10500
148
8287
5743
168
160
5822
4963
1160
6699
191
189
11188
1360
92
166
6102
11027
13886
6550
5697
1310
6006
1140
6087
5861
2855
10432
1381
8309
13767
4016
13890
7171
5884
6078
10401
8218
202
5962
11410
6157
61
6035
5759
5770
3873
3894
99
5812
5689
4335
11784
5931
12289
1095
5767
9148
13730
13899
1162
13154
5989
10114
4441
13989
11455
6467
6006
5968
6375
13445
6618
254
104
1131
13966
5897
8918
770
1042
775
6012
6741
6017
5924
5977
5073
5827
118
164
5598
6460
13437
3685
155
13860
11394
6026
162
1409
6970
109
5844
13802
5816
5716
4741
9480
13536
8362
5873
7083
317
225
5981
11836
5830
5827
9966
104
14170
6252
60
255
3611
165
10710
6005
655
190
5875
3887
13722
5718
10058
5776
6106
5885
5007
6086
1366
6381
13732
130
156
114
6003
6038
1398
1590
8806
1312
5726
6048
6293
177
5941
6041
13325
10848
13400
175
12965
6171
1320
6614
5766
178
6209
198
5603
196
164
6040
1222
5963
5905
6021
13714
241
5905
3552
12441
5959
6117
1064
137
1020
9326
6073
131
6339
5036
5220
3504
825
5487
3552
6095
12145
1128
13946
7148
9065
11035
6184
12115
5868
5684
5805
1051
11494
13854
7410
138
22
2807
59
8671
190
14
5679
5734
1655
142
10401
101
-37
85
10912
1394
4937
168
5974
130
5917
5896
10500
11179
3469
913
10875
11255
5845
13507
6133
6287
5513
13414
4676
3308
6432
11723
3884
192
5972
10647
10285
942
1262
11097
142
13430
104
11360
141
201
109
5781
1006
5765
930
1366
5793
10822
9697
5620
4282
7139
5665
6013
5974
13760
6214
6081
5731
12484
11424
5853
6068
10601
7959
6795
6081
10078
3518
202
11141
1029
5344
5926
210
6384
4567
4978
13154
209
5979
5903
11505
1177
5946
6341
52
6188
263
90
6206
6159
4515
5919
939
977
1049
5908
6006
6115
126
5818
1157
6140
5744
6028
9067
5936
9482
5751
73
5893
5929
8068
202
247
205
135
178
11444
1265
180
3836
3914
5840
6019
227
4393
268
97
11188
10325
106
6262
100
5601
6322
6101
6235
5559
9490
148
10017
13091
231
6296
5425
5815
172
6092
8236
221
6873
11042
5562
4646
13314
6857
9224
7562
130
3869
7296
140
180
8254
11650
10877
167
5515
5811
1432
11796
5758
5985
5143
164
1636
8320
51
4808
260
5867
11629
1398
6275
6226
1053
254
172
218
1030
5981
6000
5989
141
1170
143
6282
4683
5574
6864
5826
3961
5457
171
6055
12133
12640
102
5915
166
11954
189
6271
5875
1393
1419
236
5526
5895
9556
6194
7012
6082
13802
9469
9313
13560
11551
155
6115
102
4881
5801
76
159
5902
5838
5794
10453
11416
5606
5937
12311
6348
8916
1303
5899
10323
1174
1297
1311
1081
184
6008
5193
11648
8832
147
1271
5910
5760
1166
1417
6082
5656
8561
236
130
274
5323
5641
5799
148
1448
6431
6490
261
1035
227
1151
7522
5537
6092
53
5701
1270
1465
5660
5690
1179
7215
931
11383
5273
9008
163
183
153
8319
8188
6171
9182
213
118
3067
72
5612
7830
1225
146
5878
6485
5778
6232
1374
4034
76
149
5524
976
5753
10108
11932
6069
5232
6017
10968
13222
189
222
10980
-43
11245
6113
1136
6011
7973
201
118
10057
6617
10725
1472
5904
5766
6028
9689
1364
146
1374
6097
5791
7449
7884
3383
5831
5726
3705
3969
1297
6985
6094
4033
5749
6398
5947
5880
842
130
6044
6012
12278
119
11386
1061
6112
3512
9304
9506
201
13900
63
13718
5942
9320
1174
5893
6018
180
5537
1167
13852
276
11933
142
6123
1196
5912
1166
187
94
5999
3686
901
6067
6478
1313
6422
13856
122
13331
5785
6039
131
5887
7618
929
6213
10693
1269
6080
11337
13774
6246
6061
3805
27
13777
9554
843
6256
8409
8872
5874
12983
6145
5451
13723
6218
5504
6030
7902
1394
13445
4729
5746
1412
6066
5848
9958
3746
6303
5908
104
5837
1124
1333
75
5705
9485
6162
13411
6906
7462
1343
107
5780
6378
73
5709
6107
5853
5838
9104
5589
13383
6042
66
1358
4627
5894
6382
13781
131
5751
997
1433
6487
4226
159
12268
138
6211
66
5659
4904
61
213
1227
12945
4027
6317
5740
3775
1157
203
5917
149
13613
6366
4593
1189
1562
5111
4956
111
1283
13549
4052
168
197
5632
13856
5857
1016
7192
6232
7362
11379
169
5872
7605
5832
136
1400
5822
7003
32
5236
142
5788
168
1422
4102
11844
6037
3955
6143
11803
6005
1514
6264
6127
10239
5859
5730
9100
10622
9302
62
251
131
185
5103
181
5840
2985
135
10350
70
8909
77
11982
9196
5862
199
6159
919
5329
37
121
1156
8195
1300
152
226
6003
6004
150
11427
5885
5964
6896
6121
5996
241
9404
1294
112
5430
4859
5574
1085
944
3605
4623
1352
137
231
3020
7645
3754
10308
39
5680
9475
8462
11189
845
11934
5935
1104
70
1320
136
188
78
5833
947
3438
194
6127
11886
1421
5067
6229
11864
5539
11390
5259
878
1251
5327
241
5564
6249
195
5910
5808
5790
5909
11032
149
7820
12238
1240
6017
4931
2943
8653
5307
1304
1416
202
129
5869
6434
5855
212
7718
5983
757
5992
84
5850
177
5685
5641
5579
1256
4297
6071
5560
10995
9843
1202
13514
1496
8554
89
6278
155
108
10048
5423
4829
14149
6030
5812
6465
116
11560
101
6059
5721
75
5613
3745
5970
895
13868
5705
5748
3307
141
120
164
8211
10261
7359
5827
5940
1279
7593
11355
948
13521
215
5489
13281
13508
146
5965
113
9157
9475
52
1112
7363
10353
6645
5800
143
6124
4553
6030
6070
165
5508
11422
13302
9612
4867
5920
179
5712
37
1333
164
12957
13988
6295
340
6060
1220
6481
7677
5665
6106
10087
1402
5919
6061
5827
6261
6004
5920
5957
1385
198
5212
6268
11635
759
6286
6085
5862
10648
4527
964
8270
5889
9139
5413
6362
6480
8010
6138
9980
9326
-15
6177
10025
5140
3943
805
7793
12625
8408
5788
6115
13457
27
9992
4002
1209
1
10372
6313
66
5742
107
7079
6212
1024
5838
955
190
10684
53
76
5218
10178
50
68
142
13667
5853
5615
9947
7657
4262
5998
5908
146
5984
9249
10071
6203
162
5759
5822
12050
9606
13879
6130
6133
5743
5394
5847
6042
13468
13225
6131
6208
9218
237
1432
6100
6059
10657
5629
1265
214
7896
6017
1221
5718
197
7448
250
10025
5912
7742
5793
2920
89
8997
6105
5923
5346
6229
1301
6246
5710
6740
1103
5868
1051
5687
11742
11179
185
6010
7827
155
65
5620
81
11169
78
5718
1428
205
209
4035
54
126
8056
11715
9935
8877
6146
6227
5838
11432
5949
13461
8270
5660
5598
1063
79
5628
6178
5874
10627
7579
5810
11038
12303
1375
4581
1056
5795
10836
3478
1351
888
1053
8497
4736
1458
8888
3540
109
5734
5904
5739
8549
8470
98
9095
160
5769
5614
1301
1241
228
14062
5699
138
6056
5624
3636
13569
5923
10883
6323
5241
3874
2912
6015
11442
104
1457
151
3776
142
5161
1054
7883
7705
1420
209
5954
6100
61
6254
950
181
6090
5778
10057
5925
10620
1092
6207
4990
6042
142
5796
10178
120
5685
4160
13654
190
238
5819
189
96
5971
5752
229
1370
7633
6121
5480
9670
1279
6654
1163
182
13952
11230
5726
5682
1082
5036
92
3396
5723
6416
5970
6219
6216
1071
6008
145
1170
990
194
5911
5854
5700
5998
6578
9011
5793
8926
150
5898
12131
6786
5759
9686
5792
828
6032
3813
6006
1055
6587
6764
119
201
3186
123
143
196
198
8613
214
1453
5341
5750
11798
6891
5822
14057
842
798
5513
894
153
5840
1790
5988
611
11150
10004
126
5742
6018
5497
4056
12610
6017
5944
5712
156
5808
6218
5877
185
709
115
10240
1472
143
5919
8540
12203
11378
6045
6808
144
3535
146
6133
200
10306
5722
5705
66
5969
281
3530
3874
6063
6059
6731
1360
5673
12282
8156
127
5684
10287
3067
62
10289
123
6363
7417
245
5622
5943
11874
5991
5751
8115
3851
9982
8507
6029
1313
5646
6129
12398
90
1031
5932
8443
9929
6006
6191
5841
6253
6078
3230
119
6266
10277
1008
1226
5779
123
120
1334
5992
6024
5760
197
8140
8885
6120
13584
117
1145
13994
6032
186
83
5626
5763
173
6088
8151
51
6034
9764
11595
12270
5975
5998
6975
6138
5858
5694
7870
5625
1270
5954
3714
23
93
6462
1070
5644
10294
120
6062
295
13908
5839
4749
54
1215
13212
5639
5455
3108
87
5856
5643
12752
6149
138
5497
11388
5930
1422
5591
1308
11128
1301
6014
6096
9807
23
152
8203
5764
6147
977
5952
5663
5975
167
13
10145
13235
5890
5789
5829
6191
6007
5415
5819
5955
8555
93
161
12823
7201
5854
3706
1055
8169
1381
11490
5856
187
173
6250
8957
8618
5940
6162
176
117
5907
54
6156
945
124
6424
5570
48
6039
5131
5735
6117
5529
127
136
5686
157
13741
5741
11135
70
13760
76
11920
6884
281
5185
4866
10310
5823
7127
11779
1276
5191
1456
1263
11305
126
13518
10657
6015
177
1490
6195
6269
5934
6006
5893
11212
3142
5699
10840
5992
13820
5686
12724
1231
1143
6436
204
10961
42
13940
139
106
5953
6031
5931
233
5663
1233
5786
3563
10219
6016
5770
11744
9995
5787
5695
126
13911
3770
7426
6642
6170
5935
6086
137
128
10137
232
850
253
5866
186
7113
157
6050
12168
5760
5332
5493
6132
6025
161
180
211
158
8021
156
177
7385
7151
6506
1156
84
10437
1455
787
12617
5709
244
994
5799
6176
6952
5276
973
107
6232
55
5058
108
5940
6057
5942
5796
212
6457
11232
4969
133
3818
1043
7986
953
5876
4812
6079
6285
3845
13962
10594
5829
6130
13764
10544
3339
13864
1292
226
10938
9074
5766
13893
6098
5863
123
9207
6497
5966
13625
5718
1420
5609
1396
34
5772
5436
10113
966
230
5969
4146
3564
6098
239
1306
5925
7023
5794
154
11376
915
6116
6340
5926
9305
10755
5731
6395
11336
5862
3481
5832
9814
67
5893
6136
6031
1412
9490
8989
13572
208
10159
3358
8233
5861
99
202
6230
10139
6409
1282
11947
85
181
5891
8383
5849
1072
7886
1305
54
5722
5904
94
6065
6035
163
13704
6262
288
4327
10086
11763
12669
3837
5742
83
6846
5673
6064
1551
6762
146
7379
3979
11792
182
5688
5914
1157
-24
5521
151
7439
3228
5972
2965
13915
4992
4508
1222
1364
748
13618
9653
4301
6464
7513
43
312
143
5749
1397
9338
6223
11257
5829
5942
1346
3706
5810
149
11091
139
5758
167
200
223
6692
10485
120
4135
6013
187
3569
5805
6172
1347
5909
1203
3348
5867
3731
155
10500
110
6198
229
6224
9276
3457
6082
9928
11292
267
5650
9612
9985
253
9394
11965
13623
21
11880
182
1124
1444
1056
6898
146
5946
9103
11292
5929
5397
3454
11444
5802
9588
86
11625
13690
11420
1131
166
11388
0
1512
1124
211
4738
6205
13639
5793
6067
6199
3810
5995
1195
6031
1481
223
5619
4853
98
45
5172
5947
140
5809
6185
5887
5724
6850
1314
81
5758
11038
118
102
5952
8804
6138
5918
5790
6089
9671
5849
6431
5976
5696
76
8550
6055
5725
122
5802
6023
4620
5442
5688
13150
138
6037
216
1304
5937
5443
4309
1097
11511
6091
199
12092
10775
6086
3077
4246
13351
1303
5866
6029
166
4255
5870
5792
7643
11164
3517
5818
128
5872
3507
5554
8098
83
6033
5648
13760
1390
7265
13898
10972
205
5779
82
243
5942
4141
3914
13562
36
5852
13560
4360
6237
5711
9383
5790
238
6054
8803
8013
5719
14081
1392
164
5377
127
13788
6163
3782
12730
4897
1046
6692
10536
6077
1189
10563
1535
5906
218
5837
17
11179
5744
5860
13326
41
13752
6327
5608
5691
8067
10587
1398
10273
1307
5951
1474
1460
903
5761
10159
13645
7780
1072
983
5868
5380
271
5940
10900
5695
1453
1326
7233
1002
5967
10468
4234
5685
1465
6365
5651
5694
6067
91
5956
5488
3856
6059
149
5848
10216
155
847
4894
1311
8977
1328
7858
5948
6040
1307
-38
8833
6185
111
1150
5902
9288
8621
6657
5915
10893
10739
10920
5782
13873
227
107
5629
67
5829
4935
12661
9735
7171
6600
13918
10894
13236
8587
87
6065
7322
164
6065
6044
1239
5989
5916
11256
6171
7286
1283
264
5723
1380
1160
6248
8472
1261
9872
10083
5589
64
5895
9993
259
50
4495
12630
13864
11755
1183
106
211
6167
179
83
6145
13920
5830
3905
286
1318
9103
49
6727
5672
5966
13960
183
145
1033
6637
97
5915
5861
938
108
174
995
5848
3803
6132
4237
9241
1221
9091
130
8721
7239
10232
10113
5750
148
-7
5612
5913
8267
5018
170
9859
1191
5782
4883
4501
10727
11009
728
1342
9662
13145
169
5811
11934
3
13610
10092
91
1299
1254
10038
108
1522
4115
8785
7268
73
1204
202
155
1228
252
146
11540
5628
4846
202
7684
228
136
9264
31
1269
1179
1378
58
4352
100
101
7867
7766
215
239
129
1232
197
1191
12783
26
1232
226
1227
1019
111
5874
84
253
128
175
98
218
4543
9456
1335
193
162
219
177
173
110
129
127
1291
120
133
219
1070
150
4189
75
64
222
211
133
1063
1034
124
192
-4
4790
968
131
133
121
136
168
182
168
1239
11926
4607
45
154
7426
767
18
149
85
103
51
1204
108
75
101
9071
12947
1006
86
5208
8065
136
94
1037
206
131
4220
85
210
1238
143
337
6983
4804
164
12455
95
218
252
234
7272
5596
6148
85
196
191
230
1433
110
95
6893
6706
6257
12622
71
1469
198
170
1478
112
-39
4006
95
1054
179
1288
208
1291
646
9175
1535
1413
129
130
6223
9505
234
5417
3711
9029
1334
227
10221
255
-49
1050
13622
1234
1161
1064
5288
154
7763
4713
1300
1100
1341
91
4140
265
1304
205
82
11453
154
4928
60
136
77
241
1113
154
1607
6680
227
7298
1096
202
199
1425
1280
1194
1385
153
184
280
3728
1266
5272
246
24
1224
1545
286
-31
143
1221
195
182
153
8482
6270
10239
7
139
7766
14
1429
1189
7562
168
1037
151
116
142
139
246
4569
150
177
4330
126
4961
3326
134
133
11029
175
278
104
7550
6612
1149
9491
2974
3957
63
15
113
1236
216
9249
6571
225
1301
3728
4777
5032
17
1182
7173
145
169
7126
161
235
73
1072
72
21
