
  DATA NUM        TYPE     LABEL          TIME     

167
1203
4252
1323
202
1237
126
1360
6686
80
5535
1209
4320
190
1475
1287
10902
8406
10533
3108
7461
67
7701
-28
157
78
76
72
89
17
122
164
15
48
220
68
1278
10166
101
151
104
162
1354
1219
1171
12696
61
8177
202
133
159
1366
21
9634
1
192
5492
6956
2746
9674
3267
827
66
905
205
138
1607
3992
1395
1061
3508
8
1233
187
152
1350
975
195
142
7145
5
9
235
5962
925
189
6139
11828
4241
913
1276
1023
126
100
153
10967
174
206
3368
129
13768
160
-37
985
4034
1214
50
10272
9963
11045
1148
10927
21
6173
1182
201
1088
1387
71
100
89
11691
1051
90
5182
173
1219
11086
1180
10650
1287
118
-12
102
7066
1105
102
66
4912
1032
11501
2
1410
1230
106
8755
9071
11216
1351
13081
11377
1246
1321
1347
-34
98
96
14
5360
1147
109
76
1124
5701
5909
120
144
6594
1470
1483
1176
10335
6915
168
149
104
3885
159
969
1232
1240
862
7347
1108
913
5735
1233
54
16
809
166
6107
174
923
162
1428
5527
105
6004
6798
-29
993
1759
113
135
182
8844
1348
1382
210
123
5663
101
13181
698
1198
12499
1170
1267
129
104
1120
49
11792
1473
7052
1384
115
1678
-41
1199
11177
1243
11418
72
2886
12914
138
7525
176
152
6804
76
11691
149
42
4262
121
887
5357
111
3719
65
74
86
1253
1428
1063
6841
891
163
964
160
1010
4271
60
42
12436
1376
104
11677
1255
156
1364
-36
1445
169
1574
1433
1400
133
-43
32
112
4109
938
95
-18
4145
1156
10256
169
1178
208
1204
63
6060
13331
1400
5671
1016
7596
13314
100
70
14242
163
1148
1507
16
7743
1347
4442
1248
-3
1380
66
1140
11107
61
202
6051
152
1403
-50
1287
8025
12558
1052
1345
5720
185
1192
904
171
839
6972
3297
11863
888
1211
4395
162
1253
4875
158
41
12760
133
9577
977
150
7969
1213
138
1387
1202
7107
139
9636
-24
1484
179
1596
129
1323
1119
7165
30
128
8279
99
42
67
9605
167
4730
6873
898
6800
8139
77
5370
40
-12
5869
1314
10938
4318
1543
1091
187
169
3894
5713
915
107
796
1372
106
79
120
3934
45
1054
7347
840
55
976
954
31
10574
94
76
169
1312
1070
120
87
-15
141
4026
2904
197
10557
37
6586
46
7367
4739
131
864
-10
10370
12271
1571
1257
221
1109
7998
45
158
4853
3565
211
6381
1135
13051
66
4044
132
5630
132
10499
181
193
108
1074
166
190
1427
90
35
1109
8571
169
132
1390
174
8276
8652
6458
6078
1086
148
177
82
1226
64
1564
104
4137
27
6879
1249
1178
81
6825
13430
111
42
44
6779
-62
1607
933
950
1172
9586
7984
1232
73
968
1320
1344
13682
1245
27
105
133
9338
-47
12445
952
210
7706
70
4971
9459
949
74
-64
168
162
1434
92
1434
2987
7002
14005
3953
1599
8102
4962
1290
3913
1357
1036
-26
11435
12162
88
1219
164
1654
3702
8555
12803
-8
1070
1443
121
182
44
1136
5862
8963
3513
-22
7218
186
1036
1079
132
8447
134
62
54
79
208
1113
-76
1059
1356
3140
941
93
1044
-9
132
5816
168
1149
134
1529
-62
8676
117
129
173
201
7262
49
111
1112
63
121
5215
153
